100000
100001
100003
100005
100007
100009
100021
100029
100031
100039
100045
100047
100049
100057
100059
100063
100069
100071
100085
100095
100097
100099
100101
100103
100109
100111
100113
100115
100119
100121
100123
100127
100129
100131
100133
100135
100139
100141
100153
100155
100159
100161
100163
100177
100179
100183
100185
100187
100189
100191
100195
100203
100209
100211
100241
100243
100257
100259
100261
100263
100265
100267
100273
100277
100279
100281
100287
100293
100299
100301
100311
100315
100319
100321
100327
100329
100331
100333
100335
100341
100343
100355
100365
100379
100381
100393
100397
100401
100405
100421
100423
100427
100429
100431
100437
100445
100447
100449
100451
100459
100463
100469
100475
100483
100489
100493
100507
100511
100519
100525
100527
100537
100539
100557
100559
100563
100565
100571
100577
100579
100581
100583
100585
100593
100615
100629
100637
100641
100643
100649
100661
100673
100675
100677
100681
100687
100689
100691
100693
100697
100705
100715
100721
100723
100731
100739
100741
100743
100745
100747
100753
100755
100769
100771
100785
100787
100803
100807
100811
100821
100829
100841
100843
100849
100851
100853
100855
100857
100865
100867
100869
100871
100881
100885
100887
100921
100931
100933
100935
100941
100943
100967
100973
100985
100987
100991
100995
100999
101011
101021
101037
101041
101045
101049
101055
101059
101063
101081
101087
101107
101111
101113
101117
101127
101137
101141
101149
101155
101157
101161
101165
101169
101173
101183
101197
101203
101225
101227
101233
101237
101239
101245
101247
101253
101257
101271
101273
101275
101281
101307
101309
101319
101323
101333
101335
101337
101353
101373
101377
101383
101389
101391
101395
101401
101411
101415
101417
101419
101433
101435
101443
101449
101451
101467
101477
101481
101487
101503
101511
101527
101531
101533
101547
101553
101557
101571
101581
101583
101585
101589
101603
101615
101621
101627
101629
101635
101643
101663
101667
101669
101679
101691
101701
101713
101715
101719
101723
101729
101733
101735
101739
101747
101763
101765
101771
101777
101785
101793
101801
101815
101823
101827
101839
101853
101857
101863
101869
101889
101891
101927
101929
101933
101939
101949
101953
101957
101961
101963
101975
101987
101991
102001
102013
102023
102031
102033
102045
102047
102055
102063
102067
102071
102079
102081
102091
102095
102105
102113
102117
102137
102139
102171
102181
102191
102199
102211
102215
102219
102223
102229
102233
102251
102271
102275
102281
102291
102293
102299
102321
102331
102337
102345
102347
102349
102359
102367
102369
102373
102379
102385
102397
102403
102409
102415
102417
102423
102427
102431
102433
102437
102445
102461
102467
102471
102475
102479
102481
102493
102497
102503
102513
102523
102533
102537
102539
102545
102547
102551
102553
102563
102581
102591
102593
102599
102611
102629
102631
102633
102639
102653
102665
102669
102673
102681
102689
102693
102703
102707
102713
102733
102749
102751
102755
102759
102761
102773
102775
102777
102783
102791
102793
102797
102801
102807
102815
102819
102829
102839
102841
102849
102859
102863
102871
102889
102903
102911
102913
102923
102927
102939
102961
102963
102965
103001
103007
103011
103013
103019
103051
103061
103065
103069
103081
103083
103087
103089
103091
103093
103099
103107
103109
103123
103135
103139
103147
103171
103183
103187
103209
103211
103217
103231
103237
103239
103271
103291
103307
103315
103339
103343
103357
103363
103387
103397
103399
103401
103405
103407
103413
103417
103433
103449
103451
103453
103457
103465
103471
103473
103481
103503
103519
103529
103543
103551
103561
103567
103573
103577
103583
103585
103591
103593
103605
103609
103613
103651
103661
103665
103671
103681
103687
103691
103717
103741
103749
103773
103787
103789
103799
103801
103807
103811
103825
103829
103837
103865
103867
103889
103891
103893
103901
103909
103919
103925
103937
103945
103957
103959
103969
103991
103997
104001
104003
104019
104021
104033
104037
104045
104047
104053
104057
104063
104079
104083
104089
104097
104107
104109
104113
104117
104123
104137
104153
104161
104163
104183
104187
104205
104209
104211
104227
104235
104239
104243
104281
104285
104297
104337
104343
104349
104393
104433
104459
104467
104473
104485
104495
104505
104513
104515
104519
104523
104527
104537
104551
104579
104589
104593
104623
104629
104649
104651
104657
104659
104681
104683
104697
104717
104723
104731
104743
104757
104761
104767
104783
104789
104795
104815
104817
104827
104853
104863
104869
104879
104883
104889
104891
104897
104899
104911
104913
104933
104947
104955
104979
104987
104999
105015
105019
105037
105053
105069
105081
105085
105093
105095
105097
105107
105119
105129
105137
105157
105173
105195
105199
105201
105209
105211
105227
105229
105239
105253
105267
105269
105285
105291
105295
105313
105319
105323
105331
105333
105335
105341
105351
105361
105367
105371
105383
105387
105389
105407
105423
105437
105447
105451
105457
105459
105467
105471
105477
105499
105503
105509
105513
105527
105535
105581
105585
105587
105599
105607
105637
105649
105667
105673
105681
105683
105689
105691
105695
105727
105733
105749
105751
105767
105771
105785
105817
105837
105843
105847
105853
105855
105863
105883
105895
105899
105907
105911
105919
105929
105941
105951
105953
105955
105959
105965
105973
105997
106011
106017
106019
106031
106035
106043
106101
106103
106127
106143
106163
106179
106189
106211
106217
106257
106263
106271
106273
106303
106309
106317
106327
106331
106341
106345
106347
106349
106357
106363
106367
106373
106389
106393
106397
106415
106417
106441
106453
106469
106473
106479
106483
106501
106519
106521
106541
106543
106545
106551
106563
106581
106585
106593
106595
106599
106611
106621
106629
106635
106637
106663
106669
106693
106703
106705
106717
106727
106735
106739
106751
106759
106767
106773
106781
106783
106801
106803
106809
106815
106853
106861
106877
106883
106895
106897
106909
106915
106921
106949
106957
106961
106963
106979
106985
106993
107003
107005
107013
107021
107023
107029
107031
107033
107035
107063
107069
107073
107077
107081
107095
107099
107119
107127
107129
107137
107173
107183
107187
107193
107197
107209
107227
107233
107251
107259
107273
107277
107279
107303
107309
107317
107343
107347
107405
107409
107419
107427
107437
107441
107443
107449
107453
107455
107467
107469
107473
107493
107497
107507
107513
107515
107527
107563
107577
107581
107589
107591
107603
107607
107609
107631
107641
107647
107657
107681
107687
107691
107693
107699
107701
107721
107731
107737
107739
107769
107777
107785
107791
107807
107809
107827
107839
107857
107861
107873
107881
107885
107891
107921
107927
107931
107979
107989
107997
108007
108013
108021
108033
108037
108039
108051
108055
108061
108063
108073
108089
108101
108107
108119
108131
108157
108163
108179
108187
108201
108211
108223
108229
108233
108235
108245
108247
108249
108263
108271
108277
108289
108293
108301
108311
108327
108343
108347
108359
108361
108365
108369
108377
108387
108401
108411
108421
108449
108457
108461
108463
108483
108503
108505
108517
108533
108553
108573
108581
108639
108643
108649
108651
108657
108677
108685
108687
108689
108695
108709
108723
108727
108753
108755
108757
108769
108803
108807
108827
108831
108835
108863
108865
108869
108883
108893
108907
108909
108923
108935
108939
108943
108947
108959
108971
108981
108983
108991
109015
109029
109037
109049
109063
109067
109071
109073
109081
109085
109097
109105
109133
109139
109147
109153
109169
109171
109195
109199
109201
109207
109255
109267
109279
109287
109295
109297
109341
109353
109371
109387
109391
109401
109407
109413
109423
109441
109453
109465
109469
109471
109481
109501
109519
109529
109537
109541
109547
109555
109567
109569
109597
109619
109621
109637
109661
109673
109677
109685
109689
109697
109703
109713
109715
109717
109721
109741
109789
109793
109807
109827
109829
109843
109849
109859
109873
109885
109911
109919
109943
109955
109961
109985
109987
110013
110015
110023
110031
110039
110043
110049
110059
110069
110089
110117
110129
110135
110151
110155
110159
110163
110173
110233
110237
110243
110247
110259
110269
110273
110323
110327
110335
110339
110343
110359
110361
110367
110369
110373
110411
110419
110437
110441
110455
110459
110465
110477
110491
110493
110501
110509
110527
110533
110537
110545
110563
110571
110573
110579
110601
110609
110613
110615
110621
110645
110665
110681
110697
110709
110711
110719
110729
110731
110735
110739
110753
110761
110765
110769
110793
110807
110821
110829
110849
110863
110881
110899
110909
110917
110923
110933
110937
110939
110945
110961
110965
110969
110989
111013
111063
111091
111109
111119
111121
111127
111139
111145
111149
111167
111171
111183
111229
111253
111261
111269
111271
111291
111295
111301
111307
111323
111337
111347
111351
111355
111357
111393
111395
111411
111431
111461
111493
111519
111521
111533
111535
111543
111559
111567
111581
111593
111597
111609
111623
111641
111659
111667
111669
111681
111697
111715
111729
111759
111767
111773
111779
111789
111791
111811
111821
111827
111835
111863
111871
111897
111919
111921
111927
111937
111949
111953
111955
111973
111985
111997
112007
112017
112019
112031
112059
112069
112071
112083
112087
112103
112107
112121
112129
112153
112163
112199
112207
112213
112223
112231
112235
112249
112261
112289
112303
112327
112339
112341
112345
112349
112361
112363
112383
112389
112397
112403
112415
112427
112441
112467
112479
112483
112501
112505
112511
112521
112533
112543
112573
112583
112587
112589
112603
112609
112637
112641
112647
112655
112663
112679
112687
112705
112713
112715
112737
112741
112745
112757
112759
112767
112771
112787
112831
112835
112855
112859
112889
112913
112919
112921
112929
112939
112951
112987
112989
113051
113063
113065
113073
113081
113093
113095
113105
113111
113117
113143
113149
113151
113177
113185
113195
113209
113215
113233
113241
113255
113281
113287
113327
113351
113357
113359
113363
113371
113381
113383
113395
113397
113417
113437
113453
113455
113467
113485
113489
113497
113519
113537
113541
113557
113561
113567
113583
113591
113603
113605
113617
113621
113623
113635
113637
113647
113657
113667
113691
113695
113705
113717
113721
113723
113731
113749
113761
113771
113777
113779
113783
113809
113819
113845
113871
113885
113891
113899
113901
113911
113915
113935
113957
113969
113973
113979
113983
113989
113991
114031
114033
114055
114073
114089
114113
114117
114167
114197
114217
114229
114259
114269
114277
114281
114305
114319
114357
114371
114373
114377
114385
114419
114447
114459
114467
114479
114487
114493
114501
114527
114531
114535
114541
114547
114567
114571
114577
114591
114593
114599
114605
114613
114641
114643
114649
114659
114661
114685
114689
114691
114713
114715
114717
114743
114769
114783
114799
114805
114809
114827
114833
114847
114861
114865
114883
114889
114909
114913
114941
114951
114963
114965
114967
114973
114981
114997
115001
115015
115031
115055
115061
115079
115085
115099
115105
115123
115127
115131
115135
115163
115179
115205
115223
115237
115249
115265
115285
115309
115315
115319
115327
115337
115341
115343
115359
115367
115399
115405
115435
115469
115471
115495
115523
115553
115585
115597
115601
115613
115629
115633
115637
115655
115657
115663
115671
115701
115727
115763
115771
115777
115779
115781
115783
115809
115811
115833
115835
115837
115861
115865
115871
115873
115879
115883
115887
115891
115901
115917
115931
115959
115979
116007
116041
116045
116047
116079
116089
116099
116101
116107
116113
116121
116141
116201
116211
116239
116241
116243
116249
116257
116293
116301
116349
116359
116371
116381
116395
116409
116411
116417
116423
116437
116443
116447
116461
116463
116465
116471
116483
116491
116517
116533
116539
116555
116557
116579
116593
116605
116635
116639
116663
116681
116689
116695
116709
116719
116751
116797
116799
116819
116827
116833
116859
116867
116877
116903
116913
116923
116927
116933
116953
116969
116981
116989
116993
117023
117041
117043
117053
117057
117069
117071
117129
117163
117191
117209
117223
117237
117239
117251
117259
117269
117281
117295
117319
117331
117339
117353
117371
117389
117417
117437
117443
117471
117485
117497
117499
117503
117511
117545
117563
117577
117619
117643
117655
117659
117673
117685
117695
117703
117709
117717
117721
117727
117731
117751
117763
117785
117787
117797
117815
117833
117839
117851
117879
117883
117889
117899
117903
117905
117911
117939
117951
117969
117973
117979
117991
117995
118023
118029
118043
118045
118061
118081
118093
118101
118115
118127
118135
118165
118171
118189
118211
118213
118249
118253
118257
118273
118297
118329
118343
118373
118385
118387
118411
118423
118429
118457
118497
118509
118533
118543
118595
118621
118633
118653
118661
118687
118709
118715
118717
118739
118747
118751
118787
118799
118801
118821
118831
118843
118861
118865
118869
118873
118893
118897
118901
118913
118931
118945
118977
119005
119033
119037
119057
119065
119069
119089
119095
119107
119109
119127
119129
119135
119155
119159
119173
119179
119183
119199
119233
119247
119283
119285
119291
119293
119299
119337
119359
119363
119365
119395
119417
119419
119429
119435
119463
119465
119481
119487
119495
119517
119541
119545
119555
119563
119569
119585
119611
119627
119631
119657
119659
119671
119677
119687
119701
119703
119737
119747
119785
119787
119809
119831
119855
119859
119885
119891
119905
119913
119921
119929
119953
119963
119971
119981
119993
120005
120011
120017
120027
120035
120039
120041
120067
120077
120091
120097
120111
120145
120157
120181
120189
120193
120199
120215
120223
120233
120245
120247
120261
120277
120283
120293
120299
120305
120331
120349
120355
120369
120381
120387
120391
120397
120401
120413
120431
120503
120511
120515
120531
120539
120545
120557
120565
120569
120587
120607
120623
120639
120641
120665
120677
120689
120691
120709
120711
120713
120723
120737
120749
120763
120767
120811
120817
120823
120829
120833
120845
120871
120889
120899
120907
120917
120937
120943
120977
120985
120997
121007
121013
121019
121039
121053
121061
121063
121067
121071
121083
121123
121139
121145
121151
121157
121171
121189
121235
121267
121269
121271
121287
121313
121321
121327
121343
121349
121351
121357
121369
121405
121413
121441
121449
121453
121461
121479
121487
121501
121521
121523
121547
121553
121571
121577
121579
121585
121593
121607
121621
121629
121637
121677
121685
121711
121763
121773
121789
121795
121827
121855
121865
121881
121889
121909
121937
121949
121955
121967
121997
122021
122039
122041
122065
122079
122105
122127
122167
122201
122203
122207
122215
122217
122251
122273
122299
122321
122323
122347
122361
122363
122365
122387
122393
122399
122439
122443
122449
122453
122469
122471
122487
122495
122497
122501
122503
122509
122533
122579
122585
122601
122649
122693
122709
122735
122743
122761
122817
122833
122849
122869
122887
122891
122929
122939
123017
123031
123055
123083
123113
123121
123127
123217
123231
123239
123243
123259
123269
123289
123323
123341
123351
123355
123377
123393
123397
123401
123407
123419
123447
123455
123457
123491
123517
123527
123537
123547
123549
123567
123581
123601
123609
123619
123637
123639
123665
123677
123693
123707
123719
123727
123729
123737
123745
123757
123791
123803
123807
123817
123821
123833
123835
123843
123863
123887
123911
123941
123953
123965
123983
123995
123999
124021
124045
124053
124071
124087
124133
124161
124167
124171
124183
124193
124197
124199
124213
124233
124239
124247
124255
124297
124309
124329
124337
124349
124401
124429
124433
124473
124477
124493
124513
124529
124535
124541
124543
124557
124561
124567
124595
124617
124629
124647
124679
124703
124715
124717
124721
124765
124771
124777
124783
124791
124799
124819
124823
124835
124847
124851
124853
124907
124919
124951
124953
124977
124981
124991
125003
125007
125017
125043
125053
125063
125101
125113
125117
125187
125201
125207
125211
125219
125221
125231
125243
125277
125287
125303
125311
125313
125329
125331
125339
125353
125383
125403
125423
125427
125441
125453
125497
125507
125509
125539
125551
125591
125597
125617
125627
125637
125641
125651
125659
125661
125683
125691
125693
125709
125711
125737
125777
125781
125821
125823
125859
125863
125871
125887
125907
125927
125933
125949
125997
126019
126051
126057
126067
126079
126127
126129
126131
126143
126151
126211
126219
126227
126229
126233
126241
126249
126267
126271
126307
126317
126323
126349
126359
126393
126443
126473
126487
126507
126517
126537
126543
126551
126561
126579
126583
126591
126611
126641
126653
126663
126669
126683
126703
126713
126717
126719
126733
126743
126751
126827
126839
126849
126851
126859
126879
126897
126923
126943
126949
127011
127033
127103
127137
127139
127157
127173
127191
127217
127241
127271
127277
127289
127291
127297
127299
127311
127371
127383
127389
127401
127447
127473
127487
127497
127507
127529
127541
127597
127599
127607
127609
127637
127657
127663
127669
127679
127691
127703
127707
127709
127713
127731
127739
127747
127767
127781
127817
127819
127833
127867
127873
127877
127921
127923
127947
127951
127973
127979
128021
128031
128033
128047
128049
128053
128091
128099
128109
128111
128113
128119
128127
128153
128189
128201
128203
128211
128213
128237
128253
128257
128273
128287
128319
128321
128327
128339
128341
128351
128361
128377
128379
128389
128391
128393
128399
128431
128437
128467
128473
128489
128509
128549
128559
128563
128603
128621
128657
128683
128693
128703
128749
128811
128819
128829
128831
128833
128857
128873
128879
128883
128923
128941
128959
128969
128971
128983
128987
128993
129001
129023
129039
129049
129083
129111
129113
129147
129153
129189
129197
129201
129209
129221
129223
129229
129263
129277
129279
129287
129289
129293
129341
129351
129361
129379
129399
129449
129453
129457
129469
129477
129499
129509
129529
129533
129539
129567
129581
129587
129593
129603
129607
129629
129631
129641
129669
129671
129707
129711
129719
129733
129737
129757
129783
129813
129853
129873
129901
129917
129939
129957
129959
129967
129971
129993
130021
130051
130073
130079
130173
130183
130197
130201
130241
130259
130281
130307
130337
130353
130363
130367
130369
130379
130409
130411
130439
130443
130447
130461
130477
130483
130489
130497
130517
130547
130619
130629
130631
130639
130643
130657
130681
130687
130693
130699
130729
130731
130737
130769
130773
130791
130839
130859
130927
130953
130957
130973
130981
130983
131023
131063
131071
131101
131113
131129
131133
131151
131163
131171
131213
131231
131277
131317
131321
131349
131361
131379
131381
131437
131449
131477
131479
131497
131501
131591
131601
131617
131627
131667
131671
131673
131701
131711
131739
131759
131771
131777
131783
131829
131839
131889
131899
131907
131939
131941
131959
131991
132019
132051
132081
132103
132113
132123
132157
132159
132173
132177
132257
132267
132287
132299
132313
132333
132369
132383
132387
132393
132421
132439
132477
132499
132513
132529
132537
132541
132547
132607
132609
132621
132637
132663
132679
132707
132721
132739
132749
132763
132801
132837
132843
132851
132859
132863
132887
132893
132949
132953
132961
132971
132989
133013
133033
133051
133073
133087
133097
133143
133149
133157
133169
133183
133187
133213
133251
133253
133261
133277
133279
133337
133347
133351
133359
133379
133387
133391
133417
133447
133473
133481
133491
133519
133557
133559
133571
133599
133611
133629
133631
133633
133691
133709
133711
133723
133761
133813
133851
133853
133899
133941
133953
133963
133979
133981
133993
134033
134039
134047
134049
134053
134059
134061
134077
134081
134087
134097
134129
134161
134171
134177
134187
134213
134227
134243
134257
134263
134269
134291
134293
134313
134319
134333
134353
134363
134367
134391
134399
134427
134443
134471
134507
134529
134581
134587
134593
134597
134637
134677
134679
134699
134707
134727
134751
134753
134777
134789
134807
134817
134839
134851
134859
134867
134877
134887
134889
134913
134921
135017
135039
135043
135059
135089
135101
135119
135131
135159
135181
135211
135249
135257
135283
135329
135349
135353
135357
135363
135367
135389
135391
135393
135403
135411
135417
135427
135463
135467
135469
135479
135511
135573
135599
135613
135617
135623
135637
135649
135661
135697
135721
135727
135731
135743
135777
135781
135787
135789
135843
135851
135867
135879
135887
135893
135911
135913
135937
135977
136011
136023
136029
136067
136099
136111
136131
136133
136139
136167
136177
136193
136207
136217
136223
136261
136277
136309
136317
136319
136327
136333
136337
136361
136379
136397
136417
136421
136447
136463
136471
136473
136481
136491
136501
136519
136537
136569
136573
136601
136607
136621
136659
136671
136707
136709
136739
136751
136753
136761
136767
136769
136777
136797
136811
136813
136841
136849
136859
136879
136883
136889
136893
136897
136923
136977
136987
136993
137019
137031
137077
137087
137091
137117
137119
137147
137153
137177
137183
137191
137201
137211
137251
137253
137273
137279
137303
137339
137341
137359
137363
137383
137447
137463
137469
137481
137483
137519
137559
137587
137589
137607
137639
137653
137707
137713
137723
137737
137743
137771
137777
137827
137829
137831
137849
137867
137873
137877
137913
137927
137933
137937
137941
137967
137983
137999
138053
138059
138063
138079
138081
138101
138139
138143
138179
138191
138219
138239
138251
138273
138279
138283
138309
138319
138373
138401
138427
138433
138461
138469
138493
138497
138511
138543
138563
138569
138571
138581
138599
138637
138647
138679
138683
138687
138739
138813
138837
138841
138883
138893
138899
138917
138923
138937
138967
138981
139011
139021
139047
139053
139091
139121
139133
139143
139169
139197
139199
139233
139241
139273
139297
139301
139303
139313
139317
139333
139341
139361
139367
139409
139423
139431
139467
139493
139511
139533
139537
139547
139569
139571
139589
139591
139597
139609
139619
139661
139663
139709
139721
139753
139759
139803
139813
139831
139861
139883
139891
139899
139901
139917
139929
139943
139967
139969
139981
139989
139991
140037
140043
140053
140057
140061
140069
140071
140109
140111
140169
140171
140181
140191
140227
140237
140249
140253
140269
140271
140317
140333
140351
140407
140411
140417
140419
140421
140433
140443
140453
140457
140477
140493
140533
140559
140593
140601
140603
140627
140629
140631
140639
140659
140677
140681
140689
140717
140729
140757
140759
140761
140773
140827
140837
140839
140863
140867
140869
140897
140929
140939
140979
140983
140989
140991
141023
141051
141061
141067
141073
141107
141123
141153
141157
141161
141171
141177
141233
141241
141257
141261
141277
141279
141301
141307
141319
141353
141371
141387
141413
141429
141439
141441
141443
141511
141529
141539
141601
141613
141621
141623
141629
141637
141653
141663
141667
141677
141679
141689
141719
141769
141793
141807
141861
141871
141907
141909
141927
141937
141941
141971
141991
142017
142039
142049
142053
142057
142059
142061
142067
142097
142099
142111
142123
142159
142161
142183
142189
142193
142211
142217
142231
142237
142251
142271
142293
142319
142323
142327
142377
142391
142403
142453
142469
142491
142501
142503
142521
142537
142543
142547
142553
142559
142581
142589
142591
142601
142607
142619
142673
142743
142787
142789
142797
142811
142837
142869
142871
142949
142973
142981
142993
143043
143107
143111
143113
143137
143139
143141
143151
143211
143249
143287
143329
143331
143333
143357
143373
143413
143419
143421
143443
143483
143503
143511
143527
143537
143567
143571
143607
143629
143651
143653
143669
143687
143699
143711
143729
143733
143743
143751
143791
143797
143799
143807
143813
143817
143831
143833
143853
143881
143907
143931
143953
143971
144031
144037
144051
144061
144087
144147
144167
144173
144203
144241
144259
144299
144327
144349
144357
144363
144383
144407
144409
144413
144439
144471
144481
144497
144537
144539
144541
144561
144563
144569
144579
144591
144593
144611
144663
144717
144719
144731
144737
144741
144751
144777
144791
144813
144829
144843
144887
144889
144973
144983
145021
145023
145031
145043
145059
145063
145069
145113
145133
145149
145191
145193
145207
145219
145221
145227
145259
145283
145289
145303
145311
145347
145349
145361
145389
145391
145419
145433
145441
145443
145461
145463
145471
145491
145501
145513
145531
145569
145577
145589
145603
145633
145643
145681
145689
145703
145723
145757
145759
145767
145771
145777
145779
145807
145897
145903
145933
145941
145949
145963
145983
145987
146009
146011
146023
146031
146057
146059
146077
146093
146141
146161
146173
146191
146197
146199
146203
146221
146283
146291
146297
146309
146323
146347
146359
146361
146369
146381
146423
146427
146437
146449
146463
146469
146477
146519
146527
146539
146563
146571
146577
146609
146617
146649
146677
146681
146701
146719
146721
146767
146777
146807
146841
146849
146857
146859
146893
146917
146921
146967
146973
146977
146983
146987
147011
147047
147057
147083
147097
147099
147111
147129
147137
147151
147171
147179
147197
147209
147227
147283
147299
147309
147311
147331
147351
147353
147369
147397
147401
147417
147419
147449
147451
147513
147541
147579
147597
147613
147617
147629
147633
147661
147673
147689
147703
147709
147727
147743
147769
147773
147799
147827
147837
147859
147891
147993
148017
148061
148063
148073
148091
148139
148157
148179
148193
148199
148201
148207
148227
148233
148243
148251
148301
148339
148361
148367
148381
148389
148399
148403
148429
148443
148517
148549
148569
148573
148593
148609
148611
148627
148663
148669
148677
148693
148727
148747
148763
148781
148783
148829
148839
148853
148859
148867
148873
148891
148899
148921
148931
148933
148949
148957
148997
149001
149007
149011
149027
149043
149053
149069
149087
149091
149111
149113
149119
149133
149153
149159
149181
149249
149251
149257
149269
149309
149323
149333
149341
149349
149351
149361
149371
149377
149381
149393
149399
149419
149423
149441
149489
149491
149493
149521
149559
149561
149603
149613
149623
149627
149629
149711
149717
149731
149749
149763
149767
149771
149803
149811
149817
149827
149839
149861
149867
149871
149893
149899
149909
149911
149953
149973
149979
149993
149997
150011
150041
150053
150061
150077
150091
150097
150151
150193
150203
150209
150217
150221
150247
150287
150329
150383
150401
150407
150413
150427
150497
150517
150559
150571
150583
150607
150611
150649
150659
150707
150779
150797
150833
150881
150883
150889
150893
150901
150907
150959
150961
150989
151009
151013
151121
151141
151153
151157
151163
151189
151237
151241
151243
151279
151289
151303
151339
151379
151391
151429
151451
151471
151483
151507
151517
151523
151531
151537
151549
151553
151561
151597
151607
151609
151631
151637
151643
151651
151673
151681
151693
151717
151733
151783
151799
151813
151871
151883
151901
151903
151909
151937
151939
151969
152003
152027
152029
152063
152081
152111
152123
152147
152183
152189
152203
152219
152231
152239
152293
152363
152377
152381
152393
152417
152419
152441
152443
152459
152501
152519
152533
152539
152599
152623
152629
152641
152657
152717
152723
152753
152767
152777
152791
152809
152819
152821
152833
152839
152851
152857
152897
152899
152909
152939
152947
152953
152959
152989
153001
153067
153071
153077
153133
153137
153247
153259
153281
153287
153337
153343
153359
153379
153407
153421
153427
153449
153457
153469
153509
153521
153523
153529
153563
153589
153607
153611
153641
153649
153733
153757
153871
153877
153887
153911
153941
153949
153991
154001
154043
154057
154073
154153
154157
154159
154181
154183
154211
154213
154243
154247
154267
154279
154303
154321
154333
154339
154351
154369
154387
154417
154439
154487
154493
154523
154571
154579
154589
154613
154619
154667
154681
154699
154723
154733
154769
154787
154823
154841
154873
154897
154927
154933
154937
154991
155003
155009
155027
155047
155119
155153
155161
155167
155171
155191
155203
155209
155219
155231
155251
155291
155371
155377
155381
155383
155399
155423
155453
155509
155521
155557
155569
155579
155581
155621
155653
155663
155699
155719
155723
155801
155809
155821
155833
155849
155851
155861
155863
155887
155891
156011
156059
156061
156071
156119
156127
156131
156157
156241
156319
156347
156353
156371
156419
156421
156487
156491
156511
156539
156589
156593
156619
156659
156671
156679
156683
156703
156707
156719
156727
156733
156749
156799
156823
156833
156841
156901
156941
156943
156967
156971
156979
157007
157037
157049
157051
157081
157109
157133
157163
157177
157189
157207
157211
157217
157231
157259
157273
157277
157307
157349
157351
157427
157457
157477
157483
157489
157513
157571
157579
157637
157639
157649
157667
157733
157793
157823
157831
157867
157897
157907
157931
157999
158029
158047
158077
158129
158161
158189
158201
158209
158227
158231
158243
158269
158293
158303
158329
158341
158351
158359
158363
158371
158407
158429
158489
158507
158537
158551
158563
158567
158573
158633
158647
158663
158749
158759
158771
158791
158849
158863
158881
158909
158927
158959
158981
158993
159113
159167
159179
159209
159233
159287
159319
159337
159349
159361
159389
159407
159421
159431
159463
159491
159499
159539
159563
159571
159623
159629
159667
159707
159739
159769
159773
159779
159793
159799
159811
159853
159931
159937
160033
160049
160079
160091
160117
160163
160201
160207
160217
160243
160253
160367
160397
160403
160423
160453
160481
160483
160507
160553
160579
160583
160637
160639
160663
160687
160697
160723
160739
160751
160781
160829
160841
160879
160883
160907
160981
161009
161033
161039
161053
161059
161087
161149
161159
161167
161201
161221
161237
161263
161267
161281
161303
161309
161323
161339
161341
161407
161461
161521
161531
161543
161561
161563
161591
161627
161659
161717
161741
161771
161807
161831
161869
161921
161957
161969
161971
161977
161999
162011
162053
162079
162109
162119
162229
162257
162263
162269
162287
162289
162293
162343
162359
162391
162419
162493
162499
162523
162557
162563
162577
162601
162611
162629
162691
162703
162713
162751
162779
162787
162821
162823
162829
162839
162889
162917
162989
162997
163003
163117
163127
163147
163151
163169
163171
163181
163199
163243
163249
163259
163307
163309
163321
163327
163351
163363
163403
163411
163417
163433
163469
163477
163483
163487
163517
163567
163573
163601
163613
163621
163633
163661
163697
163729
163733
163741
163789
163811
163819
163841
163853
163871
163883
163901
163981
163993
163997
164011
164051
164113
164183
164191
164201
164267
164291
164299
164309
164357
164371
164413
164419
164429
164477
164503
164513
164531
164581
164587
164599
164617
164623
164653
164663
164707
164729
164743
164767
164771
164821
164987
165001
165037
165041
165049
165079
165083
165089
165103
165133
165161
165173
165181
165247
165293
165349
165383
165391
165437
165457
165479
165511
165523
165533
165551
165553
165569
165587
165589
165611
165653
165707
165709
165799
165829
165833
165857
165887
165931
165983
166021
166027
166043
166063
166099
166151
166169
166183
166237
166301
166349
166351
166363
166393
166399
166403
166457
166471
166541
166561
166597
166603
166613
166631
166643
166667
166679
166693
166723
166741
166807
166823
166843
166867
166871
166919
166931
166973
166979
166987
167009
167021
167033
167039
167047
167051
167081
167113
167119
167149
167173
167177
167261
167267
167269
167309
167311
167317
167381
167393
167407
167413
167423
167429
167437
167443
167521
167597
167623
167641
167677
167711
167747
167759
167771
167863
167971
167987
168029
168067
168151
168197
168211
168227
168247
168263
168269
168323
168409
168433
168457
168463
168491
168533
168559
168599
168601
168629
168643
168713
168719
168737
168761
168851
168863
168869
168893
168913
168937
168977
169003
169007
169019
169049
169079
169097
169129
169151
169217
169219
169241
169259
169313
169319
169321
169327
169339
169361
169373
169493
169501
169567
169591
169639
169657
169661
169667
169681
169693
169709
169733
169753
169777
169823
169831
169891
169909
169913
169951
169957
169987
170081
170189
170213
170227
170267
170353
170369
170383
170393
170413
170441
170447
170539
170579
170603
170609
170627
170633
170641
170669
170689
170701
170711
170741
170759
170761
170773
170813
170843
170873
170899
170953
170957
171029
171043
171049
171077
171079
171091
171161
171167
171169
171179
171203
171251
171299
171317
171329
171341
171383
171401
171439
171449
171467
171469
171517
171529
171541
171553
171559
171583
171637
171641
171653
171671
171679
171719
171733
171763
171811
171869
171877
171889
171947
172021
172027
172049
172069
172079
172093
172127
172147
172153
172169
172213
172217
172219
172297
172307
172313
172357
172373
172399
172421
172423
172441
172489
172517
172519
172553
172573
172589
172619
172643
172649
172657
172709
172721
172751
172759
172787
172801
172807
172829
172849
172853
172871
172933
172969
172981
172987
173053
173081
173099
173137
173207
173209
173219
173249
173291
173293
173347
173359
173491
173497
173501
173531
173617
173629
173647
173651
173671
173683
173687
173699
173707
173713
173741
173743
173807
173851
173909
173917
173923
173933
173977
174047
174061
174067
174071
174077
174091
174101
174143
174149
174157
174197
174221
174257
174311
174337
174367
174389
174407
174457
174469
174487
174491
174533
174571
174613
174617
174631
174649
174673
174679
174749
174821
174829
174901
174943
175003
175039
175061
175067
175079
175081
175129
175141
175211
175267
175277
175291
175309
175361
175393
175403
175433
175453
175573
175601
175621
175631
175633
175673
175687
175691
175709
175723
175727
175757
175781
175783
175811
175829
175837
175853
175859
175897
175919
175937
175939
175961
175963
175979
176017
176021
176063
176081
176087
176129
176159
176221
176227
176237
176243
176303
176317
176329
176347
176413
176419
176459
176461
176467
176489
176509
176537
176549
176551
176609
176611
176651
176677
176713
176741
176747
176753
176777
176789
176797
176807
176809
176819
176849
176903
176951
176977
176983
177007
177013
177019
177091
177127
177167
177173
177209
177211
177217
177223
177269
177283
177319
177323
177347
177383
177421
177427
177431
177433
177467
177481
177487
177553
177601
177677
177679
177739
177761
177787
177791
177797
177823
177839
177841
177887
177893
177907
177929
177943
177967
178001
178069
178091
178093
178183
178187
178207
178223
178249
178259
178261
178289
178307
178327
178351
178403
178417
178439
178481
178487
178489
178531
178537
178559
178571
178597
178613
178621
178627
178639
178643
178753
178781
178807
178813
178831
178859
178873
178907
178909
178921
178933
179021
179033
179041
179057
179089
179111
179119
179143
179167
179173
179203
179233
179261
179321
179357
179381
179383
179393
179407
179429
179453
179479
179483
179519
179549
179579
179603
179671
179689
179693
179717
179749
179807
179813
179819
179821
179849
179897
179899
179903
179909
179939
179947
179951
179953
179957
179989
179999
180071
180077
180097
180137
180161
180179
180211
180221
180247
180281
180287
180311
180331
180337
180347
180361
180391
180413
180419
180463
180473
180491
180503
180511
180533
180539
180541
180563
180569
180617
180623
180629
180749
180773
180779
180797
180871
181001
181061
181063
181081
181123
181141
181157
181183
181193
181211
181213
181219
181243
181253
181283
181297
181303
181361
181409
181421
181457
181459
181501
181513
181523
181549
181553
181603
181609
181619
181721
181729
181739
181757
181777
181813
181837
181871
181889
181903
181927
181931
181997
182009
182011
182089
182101
182123
182131
182141
182159
182177
182179
182201
182233
182261
182297
182309
182333
182353
182387
182389
182423
182467
182489
182549
182587
182593
182639
182641
182657
182681
182701
182711
182747
182821
182851
182857
182867
182893
182899
182921
182929
182957
183037
183041
183047
183067
183119
183203
183283
183289
183299
183301
183307
183329
183373
183377
183383
183437
183451
183461
183479
183487
183499
183511
183569
183571
183581
183587
183611
183637
183661
183683
183691
183697
183709
183713
183761
183797
183829
183877
183881
183917
183943
183949
183959
183973
184007
184031
184039
184081
184111
184117
184133
184157
184187
184189
184211
184231
184241
184271
184273
184321
184369
184441
184477
184487
184517
184553
184559
184609
184631
184633
184651
184669
184687
184703
184711
184721
184727
184823
184829
184831
184837
184843
184879
184967
184969
185021
185027
185077
185131
185137
185149
185153
185167
185183
185243
185291
185303
185309
185359
185363
185369
185401
185477
185519
185531
185543
185557
185569
185593
185599
185677
185683
185737
185747
185749
185753
185767
185797
185813
185819
185833
185849
185869
185893
185947
185951
185957
185993
186013
186041
186071
186097
186113
186119
186161
186163
186191
186227
186247
186259
186271
186283
186299
186377
186419
186469
186479
186481
186551
186569
186581
186583
186601
186619
186629
186701
186707
186727
186733
186743
186763
186869
186871
186883
186917
186947
187009
187027
187049
187069
187081
187111
187123
187129
187133
187139
187163
187177
187189
187211
187217
187219
187237
187273
187303
187337
187349
187373
187379
187387
187433
187463
187471
187531
187559
187573
187597
187631
187633
187637
187639
187669
187711
187721
187763
187793
187823
187861
187877
187907
187909
187921
187927
187973
187987
188017
188143
188159
188179
188281
188299
188303
188389
188407
188443
188527
188563
188603
188677
188681
188687
188701
188707
188711
188753
188767
188827
188857
188861
188863
188869
188911
188939
188953
188957
189011
189017
189043
189067
189127
189139
189149
189169
189187
189223
189251
189257
189307
189311
189347
189353
189361
189377
189389
189391
189407
189421
189437
189439
189467
189479
189493
189509
189517
189529
189593
189617
189619
189643
189691
189697
189713
189733
189757
189767
189799
189853
189877
189913
189947
189983
189997
190027
190093
190121
190207
190249
190261
190271
190301
190321
190339
190357
190369
190387
190403
190523
190543
190577
190579
190583
190591
190613
190649
190657
190667
190669
190699
190709
190711
190769
190783
190823
190829
190871
190901
190913
190921
191021
191027
191047
191057
191071
191119
191137
191143
191161
191189
191231
191237
191249
191251
191281
191297
191447
191453
191459
191467
191491
191509
191519
191533
191537
191551
191561
191563
191579
191627
191657
191677
191689
191707
191747
191749
191773
191783
191827
191831
191833
191837
191861
191899
191969
191999
192013
192029
192047
192053
192091
192103
192113
192121
192191
192193
192229
192233
192239
192259
192263
192317
192341
192343
192347
192373
192391
192499
192529
192539
192571
192587
192601
192613
192629
192631
192667
192677
192697
192737
192743
192749
192799
192817
192859
192877
192883
192889
192917
192931
192961
192971
192991
193003
193013
193031
193051
193057
193133
193139
193147
193153
193181
193283
193301
193357
193381
193387
193423
193433
193447
193463
193493
193507
193541
193573
193597
193603
193619
193649
193663
193703
193751
193757
193771
193793
193813
193841
193861
193877
193883
193891
193979
193993
194003
194027
194071
194083
194093
194113
194119
194197
194239
194269
194353
194431
194479
194483
194507
194521
194527
194543
194569
194591
194671
194683
194687
194707
194717
194729
194749
194767
194809
194813
194819
194863
194869
194911
194917
194933
194981
195023
195029
195071
195103
195121
195131
195157
195161
195193
195197
195229
195311
195341
195343
195359
195401
195407
195427
195457
195479
195493
195497
195527
195539
195593
195599
195659
195677
195691
195731
195739
195743
195761
195791
195809
195817
195863
195883
195893
195913
195919
195931
195971
195973
195991
196033
196081
196187
196193
196271
196303
196307
196331
196337
196379
196387
196439
196459
196523
196543
196561
196613
196657
196663
196681
196687
196699
196709
196751
196769
196771
196817
196831
196837
196871
196901
196961
196991
197033
197059
197077
197083
197089
197101
197117
197123
197137
197161
197233
197243
197269
197293
197297
197311
197347
197359
197369
197381
197383
197389
197419
197453
197521
197551
197569
197573
197597
197599
197621
197641
197647
197677
197699
197713
197779
197803
197831
197887
197893
197909
197947
197957
197959
197963
197969
198013
198043
198073
198083
198127
198139
198179
198223
198241
198257
198259
198301
198313
198323
198337
198347
198349
198391
198397
198409
198437
198439
198461
198463
198503
198553
198593
198599
198613
198623
198637
198641
198647
198733
198769
198811
198823
198829
198833
198839
198841
198859
198899
198901
198937
198941
198953
198959
198967
198977
198997
199021
199037
199039
199049
199081
199109
199151
199193
199207
199261
199267
199321
199357
199373
199379
199403
199411
199429
199489
199499
199523
199559
199567
199601
199603
199621
199637
199657
199669
199687
199697
199721
199729
199739
199741
199751
199753
199783
199799
199807
199819
199853
199877
199909
199933
200003
200009
200023
200033
200041
200087
200131
200171
200183
200201
200227
200231
200273
200297
200371
200381
200383
200401
200437
200443
200461
200467
200483
200579
200587
200591
200597
200657
200713
200723
