200000
200001
200003
200005
200007
200009
200011
200021
200023
200025
200027
200037
200039
200043
200045
200059
200061
200065
200067
200069
200071
200085
200087
200089
200091
200093
200095
200097
200101
200103
200107
200109
200113
200115
200117
200125
200141
200145
200147
200149
200155
200157
200161
200167
200169
200177
200181
200185
200199
200203
200211
200213
200215
200217
200219
200227
200229
200231
200237
200243
200247
200251
200257
200267
200269
200271
200273
200281
200293
200297
200303
200309
200311
200315
200317
200319
200321
200323
200325
200329
200335
200339
200345
200351
200357
200363
200369
200371
200379
200383
200387
200389
200397
200399
200407
200411
200415
200417
200421
200427
200429
200441
200443
200447
200453
200455
200457
200459
200461
200463
200465
200467
200469
200473
200481
200483
200487
200489
200497
200503
200505
200511
200517
200519
200521
200525
200529
200537
200539
200547
200557
200559
200561
200563
200565
200569
200579
200581
200587
200599
200601
200603
200605
200609
200619
200627
200631
200639
200641
200643
200657
200663
200667
200671
200687
200689
200693
200699
200707
200709
200727
200729
200733
200747
200751
200759
200763
200765
200775
200781
200791
200795
200797
200801
200807
200813
200815
200821
200829
200835
200837
200843
200867
200871
200877
200879
200885
200893
200899
200903
200905
200907
200919
200921
200927
200931
200933
200939
200955
200963
200965
200967
200969
200983
200985
200989
200993
201003
201011
201015
201017
201021
201031
201039
201043
201049
201059
201065
201067
201089
201093
201101
201107
201109
201119
201121
201125
201129
201133
201151
201153
201157
201161
201163
201165
201179
201181
201183
201191
201203
201205
201207
201211
201219
201221
201223
201225
201245
201247
201255
201303
201313
201315
201319
201325
201329
201339
201361
201371
201381
201385
201387
201391
201393
201397
201403
201417
201419
201437
201439
201445
201449
201459
201461
201463
201467
201479
201493
201503
201509
201511
201517
201519
201523
201525
201529
201533
201535
201543
201559
201567
201573
201577
201581
201589
201599
201611
201619
201621
201623
201629
201645
201651
201653
201661
201673
201675
201679
201683
201691
201709
201715
201719
201727
201731
201737
201739
201757
201763
201765
201769
201781
201783
201809
201811
201819
201837
201847
201851
201857
201861
201869
201879
201881
201883
201907
201917
201923
201935
201941
201959
201961
201963
201969
201973
201979
201981
201997
202003
202017
202021
202031
202033
202035
202037
202079
202081
202111
202115
202121
202145
202153
202159
202167
202173
202175
202183
202187
202197
202203
202219
202221
202243
202251
202253
202265
202273
202281
202289
202291
202309
202323
202325
202327
202329
202333
202341
202343
202355
202357
202361
202367
202369
202381
202387
202389
202393
202397
202403
202425
202467
202469
202471
202473
202479
202483
202485
202495
202497
202509
202519
202525
202529
202531
202535
202543
202553
202579
202591
202593
202619
202629
202639
202641
202645
202649
202655
202673
202677
202679
202683
202685
202691
202693
202697
202701
202703
202717
202729
202731
202739
202751
202753
202763
202767
202775
202777
202791
202811
202837
202847
202857
202859
202863
202869
202873
202877
202879
202881
202883
202889
202891
202907
202913
202921
202923
202925
202931
202933
202953
202955
202957
202959
202961
202973
202983
202985
202987
203003
203005
203011
203035
203037
203051
203055
203057
203063
203071
203075
203085
203089
203097
203103
203119
203141
203149
203157
203161
203169
203185
203189
203201
203207
203217
203253
203271
203277
203279
203283
203303
203309
203311
203339
203341
203349
203353
203359
203363
203381
203393
203403
203429
203437
203439
203441
203453
203455
203459
203465
203469
203471
203485
203497
203499
203505
203517
203519
203527
203529
203531
203533
203535
203537
203539
203551
203555
203559
203563
203569
203571
203579
203589
203591
203593
203601
203611
203627
203647
203649
203653
203655
203657
203659
203669
203675
203687
203695
203701
203723
203733
203735
203737
203767
203769
203771
203779
203787
203789
203793
203795
203799
203807
203809
203823
203829
203849
203853
203865
203869
203873
203879
203887
203901
203909
203911
203917
203927
203937
203951
203953
203955
203959
203961
203969
203977
203989
203999
204005
204009
204011
204013
204021
204023
204029
204041
204047
204067
204071
204083
204093
204099
204107
204115
204131
204133
204147
204161
204163
204169
204175
204177
204195
204211
204213
204219
204233
204235
204251
204253
204265
204273
204277
204285
204297
204307
204331
204333
204337
204339
204353
204359
204365
204367
204377
204381
204393
204397
204405
204413
204415
204423
204427
204431
204437
204439
204443
204451
204463
204471
204475
204483
204499
204505
204509
204513
204515
204521
204523
204529
204543
204563
204567
204601
204603
204607
204621
204623
204627
204629
204635
204639
204641
204665
204669
204681
204699
204701
204731
204737
204741
204745
204749
204757
204775
204787
204791
204793
204797
204803
204821
204833
204843
204871
204883
204903
204931
204971
204979
204983
204987
204991
204995
205009
205031
205033
205047
205055
205063
205079
205083
205097
205107
205113
205115
205133
205171
205181
205185
205187
205189
205195
205197
205207
205213
205215
205223
205235
205237
205253
205271
205281
205283
205285
205297
205305
205307
205311
205327
205339
205345
205347
205353
205367
205373
205381
205385
205389
205395
205405
205415
205421
205423
205441
205449
205455
205459
205467
205477
205483
205487
205517
205519
205549
205553
205557
205563
205585
205601
205607
205611
205617
205619
205621
205633
205635
205643
205649
205651
205657
205677
205715
205743
205747
205765
205775
205791
205805
205815
205819
205823
205833
205837
205843
205845
205853
205873
205877
205893
205899
205903
205915
205921
205925
205935
205951
205967
205977
205981
205991
205993
206009
206021
206027
206031
206041
206047
206051
206065
206069
206097
206101
206105
206109
206123
206135
206151
206153
206163
206165
206167
206171
206173
206177
206179
206207
206209
206211
206215
206221
206233
206237
206249
206253
206273
206285
206287
206289
206299
206311
206313
206321
206327
206333
206345
206347
206351
206355
206361
206369
206373
206381
206383
206385
206399
206401
206409
206411
206419
206429
206431
206433
206439
206445
206453
206461
206467
206477
206483
206493
206501
206503
206507
206509
206519
206523
206533
206543
206597
206619
206623
206637
206641
206651
206657
206665
206673
206683
206697
206699
206705
206709
206715
206727
206741
206759
206771
206781
206783
206785
206791
206803
206821
206825
206833
206835
206841
206879
206889
206897
206905
206909
206911
206917
206923
206929
206933
206935
206939
206945
206947
206951
206953
206969
206983
206985
206993
207003
207011
207023
207027
207033
207055
207061
207063
207065
207073
207079
207087
207093
207127
207161
207183
207187
207227
207229
207271
207293
207301
207307
207325
207327
207331
207341
207351
207367
207369
207371
207381
207395
207401
207425
207435
207449
207453
207463
207465
207469
207481
207487
207491
207511
207513
207517
207531
207535
207551
207563
207565
207569
207591
207605
207629
207641
207649
207657
207671
207679
207683
207709
207715
207717
207719
207721
207729
207743
207745
207769
207771
207775
207783
207789
207799
207821
207859
207883
207885
207895
207931
207939
207941
207953
207965
207967
207971
207973
207989
207997
208001
208003
208009
208011
208015
208019
208023
208031
208053
208055
208057
208061
208063
208087
208091
208097
208099
208109
208141
208149
208183
208187
208189
208203
208207
208213
208225
208235
208245
208253
208255
208261
208267
208271
208283
208291
208293
208295
208317
208333
208337
208357
208379
208387
208391
208409
208433
208435
208443
208459
208469
208471
208473
208489
208491
208493
208497
208499
208503
208511
208515
208529
208541
208545
208553
208573
208591
208609
208621
208685
208687
208695
208697
208721
208729
208733
208739
208741
208769
208779
208787
208805
208807
208809
208815
208819
208827
208843
208855
208859
208869
208877
208881
208927
208931
208957
208959
208965
208983
208991
208995
209029
209041
209043
209045
209057
209063
209071
209089
209091
209111
209117
209123
209131
209143
209147
209153
209159
209201
209215
209217
209233
209249
209255
209257
209259
209261
209267
209283
209289
209299
209301
209339
209347
209395
209407
209427
209431
209459
209463
209465
209471
209477
209481
209487
209489
209491
209497
209499
209519
209533
209541
209543
209549
209561
209567
209571
209577
209581
209597
209619
209621
209623
209629
209631
209639
209659
209669
209687
209697
209701
209705
209707
209713
209735
209743
209759
209767
209771
209785
209793
209795
209807
209809
209819
209831
209837
209851
209861
209869
209887
209891
209893
209899
209905
209915
209917
209923
209929
209939
209953
209959
209971
209973
210011
210027
210031
210051
210057
210065
210085
210091
210097
210101
210109
210117
210135
210139
210143
210153
210157
210165
210173
210183
210201
210203
210209
210213
210215
210233
210247
210257
210305
210317
210319
210349
210363
210365
210369
210409
210417
210423
210435
210437
210445
210457
210461
210481
210487
210491
210495
210499
210505
210529
210533
210543
210549
210551
210597
210599
210621
210631
210637
210653
210655
210659
210695
210709
210713
210723
210739
210747
210761
210763
210767
210791
210803
210809
210813
210817
210833
210857
210869
210879
210891
210895
210907
210923
210953
210961
210963
210977
210981
210985
210991
211021
211023
211045
211053
211063
211065
211093
211115
211129
211137
211143
211151
211183
211187
211193
211199
211213
211217
211219
211229
211231
211247
211257
211285
211289
211291
211305
211313
211317
211319
211321
211343
211349
211353
211361
211369
211373
211377
211379
211403
211405
211415
211421
211429
211433
211443
211457
211465
211469
211471
211477
211495
211501
211503
211521
211541
211549
211559
211561
211573
211581
211583
211605
211607
211611
211643
211655
211657
211663
211681
211687
211691
211711
211713
211719
211723
211767
211769
211779
211781
211811
211813
211817
211851
211863
211873
211877
211879
211891
211931
211971
211979
211985
211997
212029
212039
212041
212051
212057
212061
212067
212081
212099
212117
212127
212145
212147
212161
212167
212179
212183
212185
212187
212191
212203
212215
212227
212229
212233
212235
212239
212255
212261
212285
212297
212305
212307
212315
212329
212335
212337
212349
212353
212365
212369
212379
212391
212399
212411
212419
212423
212427
212435
212437
212461
212481
212509
212523
212529
212537
212545
212547
212559
212561
212573
212587
212595
212633
212637
212655
212663
212697
212723
212737
212739
212763
212811
212821
212845
212847
212853
212855
212869
212885
212923
212937
212943
212945
212953
212955
212967
212969
212973
212987
212991
213017
213019
213021
213023
213029
213043
213067
213069
213079
213091
213093
213097
213105
213117
213139
213169
213181
213191
213243
213245
213247
213253
213281
213283
213301
213307
213315
213319
213329
213357
213383
213387
213421
213429
213433
213441
213445
213449
213461
213467
213479
213485
213491
213505
213513
213523
213533
213539
213545
213551
213563
213589
213623
213629
213631
213635
213637
213653
213687
213697
213699
213703
213719
213721
213723
213727
213737
213751
213755
213771
213773
213821
213833
213849
213861
213865
213879
213881
213899
213903
213913
213929
213947
213949
213951
213953
213957
213989
213999
214007
214021
214031
214033
214041
214069
214077
214087
214105
214129
214133
214151
214163
214181
214189
214211
214219
214237
214247
214259
214295
214309
214311
214313
214329
214331
214351
214381
214391
214399
214409
214413
214419
214433
214439
214451
214463
214469
214479
214481
214497
214499
214505
214507
214509
214519
214531
214559
214561
214577
214581
214611
214627
214631
214639
214645
214653
214657
214667
214697
214707
214713
214715
214729
214733
214765
214783
214789
214791
214817
214823
214831
214841
214853
214867
214899
214911
214941
214949
214951
214967
214987
214991
215013
215015
215037
215051
215063
215079
215087
215089
215097
215111
215139
215141
215143
215149
215153
215157
215161
215179
215181
215183
215185
215189
215191
215245
215249
215255
215261
215273
215279
215281
215293
215299
215309
215315
215317
215329
215331
215341
215347
215371
215381
215393
215411
215413
215417
215447
215449
215461
215467
215471
215507
215511
215521
215529
215547
215563
215567
215573
215583
215621
215661
215681
215697
215737
215751
215753
215755
215767
215771
215795
215797
215801
215827
215829
215833
215841
215857
215873
215893
215899
215909
215927
215937
215939
215945
215949
215957
215959
215961
215971
215979
215981
215983
216005
216009
216023
216035
216057
216061
216083
216091
216097
216107
216115
216119
216127
216141
216167
216173
216179
216185
216251
216259
216263
216271
216289
216309
216317
216371
216373
216379
216387
216397
216401
216417
216421
216441
216455
216483
216491
216493
216507
216549
216551
216559
216565
216571
216587
216593
216617
216647
216649
216655
216661
216669
216679
216703
216719
216731
216743
216747
216757
216759
216779
216787
216797
216803
216813
216819
216859
216873
216901
216917
216927
216939
216947
216955
216967
216973
216981
216997
217001
217003
217011
217017
217023
217055
217059
217069
217081
217091
217111
217117
217135
217149
217197
217219
217223
217241
217261
217273
217337
217339
217349
217357
217359
217361
217363
217383
217397
217401
217405
217407
217409
217421
217435
217439
217441
217443
217457
217463
217491
217495
217499
217509
217517
217561
217567
217573
217577
217611
217641
217643
217653
217667
217677
217697
217705
217723
217731
217733
217739
217747
217771
217773
217811
217823
217829
217839
217849
217859
217901
217909
217933
217943
217947
217955
217969
217973
217981
217983
218009
218021
218047
218057
218065
218069
218081
218103
218111
218121
218151
218181
218191
218199
218213
218217
218223
218227
218233
218251
218255
218259
218267
218279
218305
218323
218351
218357
218363
218389
218391
218401
218453
218459
218461
218509
218513
218527
218529
218531
218533
218551
218561
218577
218579
218585
218599
218605
218611
218613
218617
218627
218641
218649
218651
218659
218677
218679
218681
218703
218717
218719
218721
218723
218737
218749
218761
218765
218769
218795
218797
218801
218811
218833
218843
218869
218885
218915
218935
218941
218965
218969
218971
219019
219027
219057
219091
219109
219119
219129
219133
219143
219197
219217
219231
219233
219237
219251
219273
219289
219301
219307
219339
219361
219363
219377
219389
219399
219407
219409
219433
219437
219439
219445
219463
219499
219503
219517
219519
219523
219543
219567
219587
219593
219613
219649
219653
219665
219677
219679
219683
219707
219711
219729
219731
219737
219749
219757
219761
219763
219767
219769
219779
219789
219797
219805
219823
219829
219847
219851
219871
219881
219909
219917
219937
219941
219953
219955
219959
219971
219981
219987
220021
220063
220085
220105
220107
220123
220145
220147
220161
220169
220189
220251
220263
220291
220295
220299
220301
220329
220333
220339
220357
220359
220361
220367
220373
220377
220399
220403
220411
220413
220421
220423
220431
220435
220513
220529
220537
220551
220569
220573
220577
220587
220589
220595
220641
220653
220655
220667
220683
220709
220713
220743
220757
220767
220783
220787
220789
220791
220795
220807
220811
220821
220859
220861
220877
220879
220895
220901
220903
220923
220929
220931
220933
220939
220945
220953
220959
220973
221005
221011
221019
221071
221077
221079
221087
221163
221171
221173
221201
221207
221209
221219
221253
221261
221281
221285
221303
221315
221389
221401
221405
221411
221413
221457
221461
221465
221489
221497
221501
221537
221539
221541
221547
221549
221567
221577
221581
221587
221601
221607
221621
221623
221631
221653
221659
221671
221679
221707
221713
221717
221721
221723
221737
221747
221755
221773
221785
221797
221813
221827
221849
221855
221891
221905
221909
221919
221941
221945
221951
221957
221989
221999
222007
222029
222047
222067
222073
222085
222093
222103
222107
222109
222113
222153
222161
222219
222245
222257
222265
222279
222289
222297
222311
222323
222329
222337
222347
222349
222367
222383
222389
222397
222403
222415
222419
222437
222447
222477
222485
222493
222501
222505
222511
222527
222531
222535
222591
222619
222627
222647
222655
222657
222659
222665
222685
222693
222713
222715
222731
222771
222773
222779
222799
222839
222841
222857
222861
222863
222867
222895
222919
222931
222933
222935
222943
222947
222951
222953
222969
222991
223007
223013
223049
223051
223059
223061
223071
223089
223103
223111
223115
223129
223131
223133
223149
223151
223191
223205
223229
223237
223239
223241
223243
223247
223253
223255
223257
223273
223277
223281
223291
223303
223313
223331
223337
223339
223347
223349
223359
223381
223403
223413
223429
223435
223467
223469
223481
223521
223529
223543
223547
223555
223563
223577
223581
223593
223621
223633
223679
223699
223701
223705
223711
223719
223731
223757
223759
223781
223823
223827
223831
223833
223841
223893
223921
223939
223945
223963
223969
223985
224011
224021
224033
224041
224045
224057
224061
224063
224095
224097
224121
224131
224149
224153
224163
224189
224193
224197
224201
224239
224241
224253
224261
224271
224277
224283
224303
224307
224309
224313
224317
224335
224357
224399
224401
224413
224429
224467
224483
224487
224501
224539
224569
224577
224585
224603
224611
224617
224619
224623
224661
224669
224673
224677
224691
224737
224739
224797
224799
224815
224831
224855
224869
224877
224881
224891
224901
224911
224915
224921
224935
224947
224951
224969
224987
224993
225001
225023
225035
225061
225065
225077
225079
225087
225089
225123
225157
225161
225163
225211
225223
225227
225241
225249
225257
225263
225265
225287
225299
225323
225327
225343
225347
225353
225371
225373
225421
225431
225447
225457
225483
225493
225509
225527
225529
225569
225583
225595
225601
225611
225613
225631
225633
225637
225651
225655
225659
225669
225681
225683
225689
225695
225697
225721
225733
225751
225757
225759
225769
225779
225781
225827
225829
225895
225921
225931
225941
225943
225969
225977
225983
225985
225987
226001
226011
226041
226059
226063
226079
226093
226099
226101
226131
226165
226167
226189
226199
226203
226217
226231
226241
226283
226289
226293
226295
226315
226379
226381
226397
226409
226433
226445
226453
226463
226483
226509
226535
226541
226547
226563
226571
226581
226595
226597
226601
226609
226617
226621
226623
226637
226643
226669
226691
226697
226705
226741
226769
226777
226783
226789
226805
226817
226833
226857
226891
226901
226907
226923
226937
226945
226991
227015
227037
227053
227067
227081
227087
227089
227101
227111
227113
227121
227135
227147
227153
227163
227165
227167
227189
227191
227207
227219
227229
227233
227257
227267
227301
227303
227319
227353
227361
227387
227391
227405
227407
227431
227453
227455
227463
227467
227473
227485
227497
227501
227515
227549
227569
227581
227593
227609
227627
227663
227665
227699
227707
227719
227739
227765
227785
227789
227793
227811
227827
227901
227927
227945
227947
227951
227967
227973
227983
227993
228011
228013
228065
228077
228093
228103
228117
228127
228139
228181
228197
228221
228233
228243
228257
228273
228281
228299
228301
228307
228309
228335
228337
228341
228409
228421
228427
228443
228451
228457
228469
228471
228479
228485
228489
228509
228511
228521
228523
228529
228535
228559
228637
228639
228647
228685
228707
228713
228729
228731
228737
228751
228759
228777
228783
228793
228809
228815
228829
228835
228851
228853
228859
228869
228883
228887
228923
228949
228953
228959
228983
228989
228991
229081
229085
229093
229107
229123
229133
229139
229153
229157
229181
229189
229213
229223
229247
229253
229263
229267
229269
229323
229373
229389
229397
229409
229423
229433
229435
229453
229459
229465
229469
229481
229519
229529
229533
229549
229579
229583
229601
229607
229611
229627
229631
229681
229717
229737
229739
229759
229763
229765
229799
229813
229819
229847
229893
229901
229903
229937
229945
229979
229981
230063
230077
230083
230091
230101
230123
230135
230137
230143
230199
230203
230227
230255
230257
230271
230281
230303
230305
230311
230327
230339
230343
230353
230357
230365
230377
230383
230387
230389
230403
230457
230495
230501
230511
230515
230539
230541
230551
230561
230563
230573
230597
230647
230649
230653
230665
230699
230705
230729
230757
230765
230773
230797
230807
230827
230847
230849
230863
230889
230891
230905
230909
230929
230941
230951
230959
230969
230973
230993
230995
230999
231009
231017
231051
231053
231069
231079
231087
231095
231131
231197
231203
231243
231271
231277
231279
231289
231299
231305
231323
231331
231343
231347
231349
231355
231365
231371
231379
231395
231411
231431
231433
231443
231459
231463
231479
231481
231493
231503
231505
231511
231529
231533
231551
231559
231571
231573
231589
231599
231603
231611
231631
231635
231637
231639
231661
231685
231701
231709
231711
231717
231719
231729
231745
231747
231755
231789
231791
231807
231809
231827
231837
231841
231871
231877
231893
231901
231905
231919
231923
231951
231969
231995
232013
232043
232053
232055
232079
232081
232103
232109
232127
232129
232149
232153
232171
232205
232235
232251
232253
232255
232257
232259
232393
232409
232411
232421
232457
232459
232487
232523
232527
232535
232561
232563
232567
232581
232597
232615
232629
232663
232669
232681
232707
232709
232711
232719
232741
232745
232751
232753
232761
232801
232823
232833
232835
232847
232851
232853
232861
232863
232877
232891
232901
232923
232941
232945
232977
233005
233009
233021
233043
233061
233069
233071
233083
233107
233117
233143
233159
233177
233183
233215
233221
233231
233239
233245
233267
233293
233315
233317
233319
233323
233329
233347
233353
233357
233371
233391
233395
233403
233405
233417
233423
233435
233439
233455
233477
233489
233547
233549
233557
233589
233591
233599
233601
233617
233635
233663
233689
233693
233697
233713
233743
233747
233755
233777
233785
233787
233837
233853
233855
233907
233917
233921
233923
233941
233949
234007
234029
234035
234043
234051
234067
234085
234089
234095
234103
234131
234139
234145
234147
234149
234155
234181
234187
234191
234193
234203
234211
234217
234237
234239
234259
234271
234281
234293
234305
234319
234323
234331
234383
234385
234431
234445
234457
234461
234463
234467
234471
234473
234489
234501
234505
234511
234519
234529
234537
234541
234547
234571
234579
234595
234613
234629
234653
234665
234723
234769
234791
234809
234851
234863
234869
234893
234903
234921
234933
234951
234961
234965
234967
234977
234985
234989
235003
235013
235041
235043
235051
235057
235069
235085
235099
235111
235117
235181
235199
235273
235281
235289
235295
235309
235337
235369
235401
235441
235491
235519
235523
235533
235541
235559
235577
235595
235601
235615
235617
235621
235645
235661
235673
235685
235707
235723
235735
235745
235749
235751
235779
235783
235789
235793
235805
235813
235849
235871
235889
235891
235919
235947
235951
236017
236035
236069
236073
236087
236105
236143
236163
236167
236185
236209
236219
236261
236287
236293
236329
236333
236337
236339
236343
236361
236373
236381
236387
236391
236399
236407
236427
236469
236471
236485
236503
236507
236515
236519
236549
236573
236609
236631
236659
236681
236703
236713
236729
236749
236771
236773
236779
236783
236813
236815
236823
236867
236869
236881
236897
236905
236937
236945
236967
237035
237067
237073
237085
237093
237117
237143
237155
237157
237189
237203
237205
237217
237233
237257
237271
237283
237287
237301
237319
237331
237333
237361
237373
237409
237417
237455
237505
237509
237535
237543
237561
237605
237631
237635
237665
237673
237683
237687
237689
237691
237693
237707
237723
237733
237767
237815
237819
237821
237845
237849
237857
237859
237877
237883
237905
237911
237929
237955
237999
238001
238009
238011
238037
238071
238079
238081
238093
238101
238103
238109
238115
238137
238151
238157
238159
238163
238171
238179
238191
238195
238201
238213
238223
238233
238247
238267
238269
238281
238285
238291
238295
238299
238307
238313
238363
238397
238405
238471
238479
238481
238505
238529
238547
238555
238565
238591
238593
238627
238647
238649
238657
238677
238685
238691
238703
238705
238709
238723
238727
238737
238747
238781
238827
238829
238839
238859
238877
238897
238919
238921
238939
238943
238955
238967
238985
238991
239007
239053
239069
239079
239081
239087
239095
239097
239119
239179
239185
239201
239215
239231
239237
239251
239273
239287
239333
239345
239389
239405
239433
239439
239487
239489
239523
239541
239543
239557
239567
239579
239585
239587
239597
239601
239641
239667
239689
239695
239703
239709
239711
239713
239721
239731
239735
239755
239779
239803
239815
239817
239843
239845
239849
239857
239873
239879
239893
239901
239905
239933
239961
239977
239997
239999
240007
240041
240047
240049
240059
240063
240085
240089
240101
240109
240113
240117
240139
240151
240153
240197
240213
240231
240245
240259
240263
240271
240287
240319
240349
240365
240379
240421
240423
240433
240437
240455
240459
240473
240503
240519
240545
240573
240587
240599
240621
240623
240641
240659
240701
240719
240727
240739
240743
240769
240811
240815
240819
240829
240841
240893
240899
240927
240935
240943
240951
240959
240965
240967
240985
240997
241027
241049
241061
241089
241093
241105
241107
241141
241161
241183
241195
241207
241221
241249
241295
241303
241313
241321
241327
241333
241337
241341
241355
241363
241419
241421
241441
241463
241467
241513
241517
241543
241559
241567
241589
241597
241611
241643
241663
241667
241679
241685
241687
241701
241711
241727
241739
241771
241781
241783
241793
241807
241809
241823
241863
241881
241903
241907
241915
241921
241939
241951
241963
241971
241979
241985
242009
242013
242031
242057
242059
242119
242139
242173
242201
242211
242247
242315
242331
242337
242349
242357
242365
242393
242399
242405
242413
242435
242441
242447
242449
242455
242467
242483
242493
242499
242521
242551
242589
242621
242647
242659
242677
242681
242689
242691
242695
242713
242727
242733
242747
242751
242773
242779
242789
242813
242863
242873
242927
242965
242971
242989
243003
243011
243055
243057
243069
243077
243091
243101
243109
243115
243119
243123
243141
243147
243149
243197
243209
243227
243231
243233
243235
243245
243249
243343
243365
243391
243393
243395
243401
243403
243431
243437
243461
243469
243473
243487
243517
243521
243543
243553
243583
243587
243597
243609
243613
243631
243647
243665
243671
243699
243703
243707
243717
243755
243769
243787
243799
243809
243843
243849
243863
243871
243879
243895
243897
243905
243911
243931
243953
243989
243993
243995
244003
244009
244029
244047
244077
244087
244113
244121
244141
244147
244157
244159
244177
244199
244203
244217
244227
244235
244243
244247
244285
244291
244297
244301
244303
244317
244339
244351
244355
244367
244389
244403
244411
244451
244463
244471
244493
244529
244547
244551
244553
244561
244589
244597
244603
244619
244637
244659
244677
244691
244703
244711
244735
244753
244841
244861
244877
244887
244941
244943
244945
244955
244997
245001
245013
245023
245031
245033
245039
245071
245083
245121
245131
245165
245171
245177
245183
245209
245211
245247
245261
245269
245283
245285
245291
245307
245317
245321
245405
245411
245417
245419
245501
245517
245521
245545
245559
245561
245607
245615
245621
245639
245681
245683
245719
245723
245747
245753
245757
245771
245783
245785
245787
245793
245811
245863
245881
245885
245897
245899
245909
245941
245963
245965
245977
245983
245989
245995
246027
246035
246049
246097
246121
246131
246133
246151
246173
246201
246223
246247
246251
246277
246289
246317
246319
246329
246349
246361
246371
246385
246391
246395
246403
246417
246439
246459
246485
246511
246523
246527
246539
246549
246567
246569
246607
246613
246621
246643
246651
246655
246657
246661
246665
246669
246689
246707
246723
246739
246769
246773
246781
246787
246793
246809
246811
246817
246833
246889
246903
246919
246921
246923
246929
246937
246947
246979
247001
247007
247017
247045
247053
247055
247067
247083
247145
247161
247165
247179
247183
247223
247241
247249
247255
247263
247279
247301
247309
247337
247339
247343
247369
247371
247381
247385
247389
247391
247405
247409
247463
247501
247531
247579
247587
247591
247593
247601
247603
247613
247615
247645
247647
247651
247655
247683
247685
247697
247711
247713
247717
247735
247759
247771
247781
247795
247799
247803
247839
247853
247857
247889
247899
247913
247971
247985
247993
247999
248015
248033
248057
248065
248077
248089
248119
248137
248163
248167
248179
248181
248187
248201
248203
248243
248257
248271
248277
248309
248315
248323
248335
248343
248357
248361
248389
248397
248439
248473
248509
248537
248541
248569
248597
248609
248621
248649
248657
248667
248683
248701
248705
248707
248737
248739
248783
248789
248817
248839
248861
248889
248891
248893
248943
248945
248971
249017
249035
249037
249059
249069
249089
249097
249133
249141
249143
249187
249189
249215
249217
249229
249233
249257
249265
249279
249287
249317
249329
249341
249355
249385
249397
249433
249437
249439
249449
249463
249497
249517
249531
249533
249539
249583
249589
249593
249595
249605
249607
249635
249659
249677
249715
249727
249771
249779
249857
249863
249871
249897
249911
249923
249955
249967
249971
249989
250017
250023
250031
250051
250057
250109
250123
250149
250197
250251
250253
250267
250269
250311
250329
250343
250377
250409
250423
250431
250451
250489
250499
250583
250643
250671
250681
250683
250689
250693
250703
250709
250727
250737
250741
250753
250773
250807
250827
250837
250841
250851
250853
250889
250917
250919
250949
250951
250959
250963
250967
250989
250993
251003
251057
251059
251063
251067
251071
251099
251151
251159
251201
251203
251211
251231
251233
251257
251261
251263
251287
251291
251297
251323
251331
251359
251373
251429
251431
251443
251477
251499
251529
251539
251561
251567
251611
251623
251663
251677
251709
251733
251761
251789
251791
251799
251809
251817
251833
251843
251861
251893
251897
251907
251961
251969
251971
251983
252001
252013
252017
252029
252037
252051
252141
252143
252151
252159
252169
252173
252177
252183
252209
252223
252253
252267
252277
252283
252289
252293
252313
252319
252323
252381
252383
252391
252393
252419
252429
252457
252463
252481
252489
252533
252537
252541
252543
252583
252589
252597
252607
252611
252633
252641
252663
252669
252687
252691
252709
252713
252727
252731
252737
252767
252779
252789
252877
252881
252887
252893
252919
252921
252949
252951
252979
252983
253063
253109
253131
253133
253243
253263
253347
253349
253367
253369
253389
253401
253427
253433
253439
253447
253481
253497
253507
253537
253569
253607
253613
253637
253651
253661
253681
253703
253751
253767
253769
253777
253811
253819
253867
253893
253901
253907
253909
253919
253937
253947
253959
253977
253993
253999
254021
254041
254071
254083
254091
254103
254139
254157
254179
254193
254197
254207
254209
254211
254213
254249
254253
254281
254379
254383
254413
254427
254437
254447
254481
254489
254519
254537
254577
254607
254613
254623
254627
254659
254663
254713
254729
254739
254753
254773
254777
254783
254791
254833
254857
254873
254879
254883
254887
254899
254901
254911
254931
254941
254971
254973
255019
255023
255043
255053
255063
255081
255083
255149
255173
255193
255209
255217
255239
255251
255253
255259
255261
255309
255327
255329
255349
255361
255399
255413
255443
255467
255473
255499
255503
255511
255517
255523
255551
255579
255589
255597
255613
255639
255667
255687
255709
255711
255713
255729
255733
255763
255767
255777
255839
255841
255847
255851
255869
255891
255909
255919
255961
255989
255993
256019
256033
256079
256089
256107
256121
256147
256169
256187
256199
256233
256279
256281
256301
256313
256317
256349
256353
256359
256393
256423
256461
256471
256483
256517
256551
256567
256569
256577
256589
256603
256609
256639
256651
256661
256713
256723
256771
256799
256821
256863
256881
256917
256957
256967
257001
257053
257069
257073
257123
257151
257189
257219
257239
257249
257263
257281
257287
257293
257297
257321
257339
257343
257381
257401
257437
257443
257447
257457
257459
257473
257493
257497
257501
257503
257511
257529
257539
257559
257561
257591
257611
257687
257711
257713
257717
257731
257783
257791
257793
257867
257879
257903
257921
257953
257993
258019
258023
258033
258067
258107
258113
258131
258157
258161
258231
258233
258277
258299
258329
258333
258339
258373
258389
258393
258403
258411
258437
258443
258469
258487
258513
258521
258527
258539
258549
258551
258563
258603
258611
258613
258617
258623
258659
258673
258677
258703
258707
258717
258729
258733
258743
258747
258771
258779
258803
258871
258879
258887
258917
258933
258967
258969
258977
258983
258991
259001
259009
259019
259033
259053
259071
259107
259113
259123
259163
259167
259177
259197
259219
259229
259239
259269
259271
259321
259339
259397
259401
259411
259421
259429
259431
259451
259453
259459
259473
259503
259507
259537
259577
259593
259599
259603
259617
259619
259621
259627
259643
259667
259681
259691
259723
259751
259771
259801
259823
259837
259867
259937
259967
259993
260009
260011
260067
260079
260081
260111
260133
260179
260191
260201
260207
260213
260259
260301
260313
260317
260329
260363
260411
260419
260489
260511
260527
260529
260543
260549
260553
260571
260607
260609
260651
260723
260747
260761
260773
260781
260787
260817
260853
260861
260873
260877
260879
260893
260907
260921
260951
260969
261017
261039
261059
261089
261123
261147
261167
261213
261229
261249
261251
261271
261301
261323
261329
261337
261357
261363
261379
261427
261439
261447
261451
261463
261509
261537
261543
261577
261619
261631
261637
261641
261643
261663
261673
261707
261713
261721
261739
261761
261771
261799
261847
261887
261897
261939
261959
261969
261971
261973
261983
262011
262051
262111
262121
262133
262139
262149
262151
262153
262209
262231
262237
262253
262263
262271
262299
262303
262313
262331
262337
262369
262391
262399
262433
262443
262473
262489
262501
262513
262519
262527
262533
262551
262569
262627
262643
262659
262671
262677
262681
262697
262733
262749
262781
262839
262877
262883
262901
262929
262947
262949
263009
263037
263073
263089
263101
263119
263129
263163
263191
263201
263239
263257
263269
263273
263293
263379
263409
263411
263443
263489
263503
263513
263519
263521
263533
263561
263567
263573
263591
263597
263607
263609
263611
263621
263643
263647
263651
263657
263661
263677
263737
263821
263829
263849
263863
263867
263881
263883
263927
263931
263953
263957
263973
264003
264009
264013
264029
264057
264083
264101
264139
264167
264237
264269
264283
264289
264343
264349
264351
264353
264359
264371
264403
264443
264507
264531
264553
264577
264581
264601
264643
264659
264711
264731
264743
264779
264783
264793
264827
264871
264881
264889
264893
264899
264919
264931
264949
264959
264961
264977
264981
264997
265021
265037
265079
265117
265123
265129
265137
265157
265169
265193
265233
265247
265249
265269
265271
265273
265313
265333
265381
265417
265423
265451
265471
265479
265483
265493
265513
265539
265541
265547
265569
265703
265709
265711
265717
265739
265747
265757
265781
265787
265807
265813
265827
265831
265841
265847
265871
265921
265929
265953
265957
265987
266029
266047
266059
266081
266083
266089
266093
266099
266111
266117
266137
266163
266177
266223
266241
266269
266281
266291
266297
266313
266369
266397
266417
266439
266447
266457
266477
266479
266583
266601
266603
266619
266641
266647
266649
266671
266677
266681
266683
266689
266719
266757
266759
266797
266801
266821
266837
266863
266891
266907
266921
266927
266933
266947
266953
266983
266991
267037
267049
267051
267063
267097
267123
267131
267143
267187
267203
267213
267217
267227
267229
267271
267277
267317
267321
267353
267357
267369
267373
267389
267391
267401
267411
267413
267419
267451
267459
267481
267511
267517
267521
267523
267557
267567
267569
267587
267593
267601
267609
267613
267629
267637
267649
267671
267679
267681
267719
267721
267727
267739
267763
267791
267797
267803
267811
267833
267857
267899
267907
267913
267941
267951
267959
267961
267987
268003
268049
268069
268113
268123
268161
268171
268197
268207
268237
268239
268267
268291
268293
268343
268347
268431
268439
268473
268493
268501
268537
268539
268547
268557
268563
268573
268599
268607
268613
268701
268721
268747
268777
268797
268811
268813
268833
268899
268909
268927
268959
268979
268997
269007
269013
269029
269039
269043
269057
269067
269069
269177
269209
269221
269231
269237
269257
269259
269281
269317
269341
269349
269377
269383
269389
269391
269413
269429
269463
269527
269543
269573
269597
269601
269617
269641
269651
269683
269697
269727
269741
269749
269751
269769
269779
269791
269817
269891
269897
269923
269939
269947
269953
269981
270021
270029
270057
270059
270069
270073
270121
270159
270163
270167
270177
270201
270209
270217
270229
270269
270271
270311
270321
270363
270371
270407
270421
270437
270461
270493
270509
270527
270551
270561
270563
270573
270583
270593
270597
270601
270609
270619
270631
270651
270659
270667
270679
270681
270689
270701
270709
270749
270789
270791
270799
270833
270843
270867
270899
270923
270931
270937
270953
270973
271003
271021
271027
271059
271077
271113
271119
271127
271129
271203
271273
271277
271289
271393
271407
271409
271429
271451
271471
271497
271517
271533
271553
271571
271587
271597
271599
271637
271639
271641
271693
271703
271729
271749
271753
271769
271787
271797
271841
271851
271867
271903
271969
271977
272009
272011
272029
272039
272059
272091
272109
272141
272179
272189
272193
272201
272203
272247
272269
272333
272341
272361
272369
272379
272399
272423
272449
272453
272463
272469
272477
272507
272537
272539
272549
272567
272581
272589
272621
272659
272661
272683
272719
272733
272759
272761
272777
272809
272813
272841
272887
272903
272913
272917
272927
272933
272959
272983
272989
273001
273043
273059
273061
273073
273099
273113
273131
273149
273233
273243
273253
273269
273271
273281
273283
273289
273297
273313
273349
273359
273363
273387
273423
273453
273457
273473
273477
273517
273549
273551
273597
273629
273641
273643
273687
273697
273709
273711
273747
273827
273849
273857
273873
273881
273891
273901
273909
273913
273943
273967
273971
273979
274019
274033
274081
274107
274139
274147
274163
274171
274177
274187
274191
274199
274259
274269
274277
274299
274333
274349
274357
274359
274371
274403
274451
274453
274579
274623
274661
274667
274679
274697
274709
274711
274713
274719
274723
274749
274787
274811
274817
274831
274847
274863
274889
274917
274943
274957
274961
274973
274993
275003
275027
275039
275047
275053
275059
275073
275109
275129
275133
275161
275183
275201
275259
275309
275313
275321
275323
275357
275389
275399
275403
275421
275423
275449
275461
275489
275503
275511
275521
275543
275591
275593
275619
275623
275641
275651
275657
275669
275699
275719
275727
275729
275773
275829
275837
275871
275881
275883
275897
275907
275911
275917
275929
275969
275981
275987
275991
275999
276007
276009
276019
276041
276043
276047
276079
276083
276099
276123
276137
276151
276173
276181
276191
276229
276257
276293
276319
276321
276323
276333
276343
276389
276459
276461
276519
276527
276537
276553
276581
276587
276589
276599
276609
276629
276637
276663
276699
276729
276739
276753
276779
276807
276817
276827
276869
276907
276933
276949
276951
276953
276961
276977
276999
277041
277071
277073
277089
277097
277099
277107
277131
277149
277157
277161
277177
277197
277213
277217
277223
277231
277247
277257
277259
277261
277297
277331
277373
277377
277401
277427
277429
277437
277509
277521
277549
277567
277597
277601
277637
277639
277653
277657
277663
277691
277701
277703
277741
277747
277751
277757
277779
277787
277813
277889
277917
277961
277971
278017
278041
278051
278079
278087
278119
278121
278143
278149
278151
278191
278219
278227
278237
278259
278269
278283
278301
278363
278387
278393
278413
278437
278459
278493
278543
278547
278549
278557
278561
278583
278601
278609
278611
278651
278671
278679
278687
278753
278767
278781
278801
278809
278823
278843
278853
278867
278877
278891
278903
278947
278979
279003
279023
279029
279109
279119
279121
279131
279137
279141
279159
279177
279179
279187
279203
279211
279249
279267
279269
279291
279311
279317
279329
279337
279397
279421
279481
279507
279523
279541
279553
279557
279561
279571
279593
279607
279613
279641
279659
279679
279709
279717
279723
279731
279753
279759
279767
279823
279843
279849
279863
279941
279949
279957
279969
279977
279987
279991
280013
280031
280069
280099
280113
280131
280139
280187
280207
280219
280221
280223
280229
280243
280249
280253
280277
280303
280321
280327
280337
280373
280409
280437
280473
280479
280491
280499
280513
280549
280569
280587
280591
280603
280607
280613
280681
280689
280697
280699
280703
280729
280743
280769
280771
280811
280859
280879
280887
280909
280911
280933
280939
280967
280997
281063
281103
281109
281117
281157
281159
281167
281217
281227
281233
281249
281251
281273
281283
281297
281317
281321
281353
281363
281427
281429
281481
281509
281531
281553
281563
281579
281613
281621
281627
281653
281667
281669
281703
281717
281719
281733
281761
281767
281769
281783
281791
281797
281811
281837
281847
281867
281921
281989
281991
282011
282019
282021
282027
282053
282071
282091
282097
282099
282101
282103
282127
282147
282157
282237
282253
282287
282297
282299
282327
282363
282383
282389
282391
282407
282413
282453
282481
282487
282563
282599
282603
282671
282677
282679
282683
282687
282691
282697
282703
282707
282773
282783
282809
282819
282827
282833
282869
282907
282911
282913
282917
282927
282973
282981
282993
283051
283079
283111
283117
283133
283159
283181
283183
283191
283211
283299
283317
283341
283369
283389
283411
283431
283447
283463
283487
283489
283501
283511
283553
283579
283587
283593
283609
283631
283637
283639
283669
283677
283683
283687
283719
283741
283769
283771
283791
283799
283807
283809
283813
283831
283839
283859
283873
283949
283957
283979
284023
284051
284057
284059
284061
284127
284131
284149
284173
284191
284201
284227
284231
284233
284243
284261
284293
284311
284331
284367
284369
284377
284413
284429
284433
284447
284469
284477
284483
284489
284507
284509
284511
284527
284541
284561
284587
284593
284619
284623
284657
284667
284689
284701
284707
284723
284729
284737
284741
284777
284783
284799
284803
284807
284839
284847
284853
284857
284881
284897
284927
284969
284979
284989
285027
285049
285071
285091
285113
285121
285151
285191
285221
285251
285267
285287
285289
285301
285303
285317
285343
285393
285429
285433
285451
285463
285473
285521
285531
285533
285553
285609
285613
285639
285657
285661
285667
285673
285709
285717
285721
285749
285767
285773
285781
285783
285823
285827
285839
285841
285861
285871
285977
285979
286001
286017
286019
286049
286061
286063
286107
286129
286149
286163
286179
286199
286203
286239
286243
286287
286289
286329
286367
286369
286381
286383
286401
286411
286413
286421
286437
286449
286459
286469
286483
286487
286493
286513
286543
286547
286593
286609
286613
286617
286619
286651
286673
286683
286687
286697
286707
286733
286743
286751
286753
286771
286801
286809
286831
286859
286873
286887
286953
286981
286987
286999
287003
287047
287057
287121
287141
287151
287167
287169
287173
287191
287193
287211
287219
287233
287239
287241
287291
287319
287327
287333
287349
287373
287383
287437
287449
287457
287501
287549
287557
287571
287611
287619
287629
287669
287671
287681
287689
287701
287731
287733
287751
287783
287789
287813
287851
287877
287887
287933
287939
287961
287967
287977
288003
288007
288023
288039
288049
288051
288053
288077
288089
288109
288129
288177
288181
288191
288199
288209
288247
288293
288307
288313
288317
288349
288359
288389
288433
288481
288493
288527
288539
288543
288551
288583
288597
288633
288647
288663
288699
288731
288751
288789
288807
288839
288843
288867
288879
288929
288969
288979
288991
288997
289031
289049
289063
289067
289099
289103
289109
289111
289139
289169
289181
289193
289203
289213
289241
289249
289253
289257
289291
289293
289297
289309
289319
289329
289349
289371
289407
289423
289437
289461
289463
289477
289491
289543
289551
289559
289577
289589
289657
289659
289669
289671
289717
289759
289763
289771
289789
289803
289837
289841
289859
289897
289929
289937
289957
289967
289973
289983
289987
289999
290001
290011
290013
290021
290033
290047
290091
290141
290161
290183
290193
290233
290243
290249
290271
290307
290317
290337
290347
290351
290359
290361
290369
290383
290393
290397
290399
290419
290429
290443
290447
290463
290489
290527
290533
290553
290611
290623
290627
290657
290659
290663
290669
290677
290679
290707
290711
290721
290737
290767
290791
290793
290821
290837
290859
290869
290877
290963
290967
290993
290999
291007
291009
291013
291021
291077
291107
291117
291143
291169
291173
291191
291209
291217
291253
291299
291337
291371
291381
291439
291457
291471
291491
291503
291507
291513
291531
291539
291561
291563
291647
291677
291689
291693
291721
291723
291777
291849
291853
291869
291887
291901
291909
291923
291983
291997
292027
292037
292069
292107
292119
292133
292143
292147
292161
292231
292267
292283
292287
292319
292323
292359
292367
292393
292427
292441
292469
292477
292531
292533
292541
292549
292561
292569
292573
292577
292641
292659
292673
292693
292709
292711
292713
292717
292727
292737
292749
292807
292819
292821
292867
292953
292973
292979
292993
293021
293081
293129
293133
293149
293177
293221
293261
293313
293329
293331
293351
293357
293413
293431
293441
293453
293467
293483
293487
293507
293523
293529
293543
293547
293577
293599
293603
293613
293617
293639
293651
293659
293677
293681
293701
293729
293749
293757
293767
293773
293793
293827
293829
293893
293957
293961
293983
293989
293999
294001
294013
294023
294033
294043
294051
294053
294123
294127
294131
294141
294169
294179
294199
294211
294223
294241
294247
294293
294303
294311
294313
294319
294337
294341
294353
294369
294383
294397
294403
294431
294467
294479
294499
294647
294659
294663
294673
294681
294703
294731
294753
294757
294773
294803
294807
294829
294891
294893
294911
294953
294963
294969
294979
294981
294989
294991
294997
295007
295033
295039
295049
295081
295123
295131
295153
295161
295187
295199
295201
295221
295237
295259
295271
295287
295291
295329
295359
295363
295377
295401
295433
295437
295439
295459
295553
295567
295629
295663
295683
295693
295699
295703
295719
295727
295751
295759
295769
295791
295819
295843
295863
295871
295877
295909
295923
295937
295943
295949
295989
296007
296017
296027
296041
296047
296071
296099
296117
296129
296133
296137
296139
296151
296159
296187
296193
296211
296221
296237
296243
296249
296269
296273
296363
296377
296421
296427
296437
296441
296477
296489
296503
296507
296511
296547
296551
296587
296601
296607
296619
296661
296683
296697
296713
296727
296729
296733
296741
296749
296753
296767
296781
296787
296801
296827
296833
296841
296921
296941
296969
296983
296987
296997
297039
297049
297079
297123
297151
297191
297257
297267
297327
297357
297371
297391
297393
297397
297399
297411
297447
297469
297487
297509
297519
297523
297533
297573
297581
297589
297601
297607
297629
297641
297669
297683
297691
297699
297719
297753
297779
297793
297797
297809
297811
297831
297833
297853
297911
297989
297991
298031
298041
298043
298049
298063
298087
298099
298113
298169
298187
298201
298203
298213
298261
298283
298293
298307
298317
298343
298349
298369
298373
298407
298411
298427
298451
298477
298483
298491
298513
298581
298583
298589
298601
298607
298621
298631
298651
298653
298677
298681
298687
298689
298709
298713
298723
298731
298733
298817
298841
298847
298853
298861
298869
298929
298943
298983
298999
299001
299017
299029
299037
299053
299067
299087
299099
299107
299127
299137
299139
299171
299191
299197
299199
299287
299311
299317
299329
299333
299357
299361
299371
299389
299393
299401
299417
299427
299471
299473
299479
299499
299577
299613
299617
299631
299643
299681
299683
299699
299711
299749
299769
299771
299777
299843
299861
299881
299903
299913
299941
299967
299973
299983
300023
300043
300109
300137
300149
300151
300163
300187
300221
300233
300247
300301
300317
300319
300343
300367
300397
300431
300439
300463
300491
300497
300569
300583
300589
300631
300647
300649
300661
300667
300683
300691
300721
300733
300743
300761
300799
300821
300851
300869
300889
300893
300931
300977
300997
301013
301027
301051
301073
301127
301141
301153
301159
301177
301183
301219
301237
301241
301247
301331
301363
301403
301423
301429
301459
301487
301493
301577
301579
301657
301669
301703
301711
301751
301753
301831
301841
301843
301867
301901
301907
301933
301943
301991
301997
302189
302191
302213
302227
302261
302273
302279
302317
302329
302399
302417
302429
302443
302483
302507
302567
302573
302581
302647
302663
302711
302759
302767
302831
302833
302843
302851
302873
302903
302921
302941
302969
302971
302977
302983
302989
302999
303013
303073
303089
303151
303187
303217
303293
303299
303323
303337
303361
303367
303371
303379
303409
303421
303463
303469
303473
303493
303497
303529
303547
303551
303553
303571
