300000
300001
300003
300005
300007
300009
300011
300015
300029
300031
300035
300039
300045
300047
300049
300051
300061
300063
300067
300069
300075
300077
300081
300085
300087
300091
300093
300095
300099
300101
300107
300109
300111
300115
300117
300119
300123
300129
300131
300143
300145
300151
300153
300155
300157
300163
300167
300173
300177
300187
300189
300191
300195
300197
300199
300201
300203
300205
300207
300211
300215
300217
300221
300223
300225
300227
300229
300231
300233
300239
300243
300247
300251
300255
300257
300259
300261
300265
300285
300287
300289
300303
300307
300309
300315
300317
300323
300327
300333
300343
300345
300347
300349
300357
300359
300363
300365
300369
300371
300379
300381
300385
300395
300399
300411
300415
300417
300419
300427
300431
300435
300439
300449
300453
300455
300459
300461
300463
300469
300473
300479
300491
300509
300513
300519
300525
300533
300535
300537
300539
300551
300557
300569
300571
300577
300581
300585
300587
300591
300595
300597
300599
300603
300619
300621
300627
300631
300635
300637
300639
300643
300649
300653
300659
300661
300663
300679
300681
300687
300689
300691
300697
300701
300705
300709
300711
300717
300721
300723
300733
300739
300743
300745
300747
300757
300759
300765
300767
300769
300777
300779
300781
300783
300787
300791
300799
300815
300829
300839
300845
300851
300857
300859
300861
300867
300869
300871
300883
300887
300891
300901
300907
300923
300929
300933
300943
300945
300947
300953
300957
300959
300961
300967
300973
300977
300993
300995
300997
301009
301013
301017
301019
301021
301025
301027
301031
301037
301039
301043
301045
301047
301049
301051
301055
301059
301061
301065
301067
301073
301075
301083
301085
301095
301097
301105
301107
301111
301113
301117
301121
301123
301127
301133
301143
301149
301155
301157
301159
301161
301173
301175
301181
301183
301189
301193
301197
301199
301211
301221
301233
301235
301237
301243
301249
301251
301253
301255
301259
301271
301277
301281
301295
301311
301313
301315
301329
301333
301341
301343
301345
301351
301355
301361
301363
301367
301375
301383
301389
301391
301393
301405
301415
301429
301445
301459
301469
301471
301479
301487
301493
301495
301501
301507
301515
301523
301527
301531
301533
301557
301559
301565
301569
301571
301577
301579
301591
301603
301609
301613
301617
301619
301633
301635
301639
301647
301649
301651
301663
301667
301669
301671
301685
301697
301707
301709
301711
301723
301729
301731
301739
301741
301743
301751
301753
301761
301763
301765
301773
301775
301777
301783
301787
301793
301799
301805
301809
301811
301813
301819
301831
301843
301845
301849
301851
301865
301867
301871
301873
301881
301891
301897
301899
301907
301913
301921
301923
301927
301929
301933
301935
301937
301943
301951
301959
301963
301969
301985
301989
301993
301997
302009
302015
302019
302025
302027
302033
302067
302073
302079
302109
302113
302125
302127
302129
302145
302169
302171
302179
302185
302191
302193
302195
302199
302213
302221
302233
302239
302269
302271
302277
302285
302287
302291
302295
302299
302301
302307
302313
302317
302343
302345
302373
302381
302383
302391
302393
302397
302403
302413
302415
302417
302429
302441
302459
302461
302463
302483
302485
302497
302501
302513
302515
302517
302523
302525
302529
302531
302537
302543
302551
302553
302555
302557
302567
302571
302579
302593
302597
302605
302613
302623
302627
302629
302639
302645
302657
302659
302661
302663
302695
302725
302733
302737
302747
302759
302765
302769
302773
302779
302781
302783
302791
302793
302803
302823
302829
302833
302837
302839
302843
302851
302857
302859
302871
302883
302885
302903
302929
302939
302941
302951
302973
302975
302977
302983
302987
302997
302999
303007
303013
303015
303027
303029
303035
303037
303041
303051
303053
303055
303063
303067
303085
303089
303091
303103
303121
303143
303153
303157
303165
303169
303171
303187
303189
303197
303205
303211
303217
303219
303245
303247
303267
303271
303283
303287
303295
303301
303305
303321
303329
303333
303339
303341
303361
303367
303383
303387
303407
303411
303417
303421
303427
303429
303431
303447
303463
303467
303469
303487
303491
303493
303497
303519
303521
303539
303545
303551
303561
303571
303575
303581
303587
303595
303607
303609
303611
303617
303619
303621
303627
303635
303651
303655
303663
303671
303675
303679
303681
303683
303685
303695
303703
303713
303721
303727
303731
303733
303735
303741
303745
303749
303767
303779
303785
303787
303793
303801
303813
303815
303819
303829
303833
303837
303839
303843
303851
303861
303871
303877
303897
303919
303931
303937
303959
303969
303977
303981
303991
304025
304035
304037
304039
304047
304049
304055
304063
304069
304075
304091
304093
304097
304099
304117
304133
304141
304153
304169
304173
304177
304183
304187
304193
304207
304217
304233
304245
304255
304267
304269
304273
304281
304287
304299
304301
304303
304345
304353
304367
304391
304397
304403
304409
304421
304433
304449
304455
304459
304461
304465
304467
304471
304487
304489
304491
304493
304495
304501
304503
304509
304511
304533
304537
304539
304541
304547
304561
304565
304573
304579
304581
304585
304595
304599
304601
304611
304619
304621
304631
304633
304643
304651
304657
304667
304683
304687
304699
304709
304711
304719
304727
304729
304739
304749
304751
304757
304765
304769
304771
304793
304797
304805
304823
304829
304839
304849
304867
304877
304881
304887
304899
304905
304907
304933
304939
304949
304953
304959
304963
304981
304989
304991
304995
305005
305007
305009
305011
305017
305021
305023
305033
305035
305037
305047
305063
305083
305089
305093
305103
305115
305119
305129
305135
305137
305141
305147
305149
305159
305169
305179
305193
305199
305205
305209
305223
305231
305239
305241
305243
305249
305273
305285
305297
305303
305307
305313
305337
305341
305363
305367
305369
305381
305389
305391
305403
305407
305411
305413
305419
305421
305423
305455
305461
305471
305479
305483
305491
305499
305507
305517
305521
305529
305535
305557
305567
305571
305581
305589
305593
305595
305611
305617
305633
305637
305639
305645
305663
305667
305675
305677
305683
305685
305697
305705
305717
305729
305731
305737
305741
305743
305755
305761
305763
305781
305783
305787
305799
305803
305821
305823
305831
305833
305837
305839
305845
305857
305871
305873
305883
305889
305899
305927
305931
305935
305947
305953
305961
305973
305985
305997
305999
306001
306007
306019
306023
306025
306029
306049
306053
306057
306069
306083
306101
306115
306135
306137
306149
306165
306167
306169
306171
306183
306203
306209
306211
306213
306221
306231
306237
306241
306247
306259
306263
306265
306271
306275
306293
306303
306305
306309
306319
306325
306329
306349
306351
306355
306363
306367
306371
306377
306417
306437
306443
306447
306455
306457
306461
306463
306473
306477
306479
306483
306485
306497
306503
306517
306523
306551
306563
306591
306597
306609
306613
306619
306641
306645
306651
306653
306655
306665
306679
306687
306699
306721
306723
306725
306727
306731
306749
306753
306759
306767
306777
306781
306797
306815
306853
306879
306893
306895
306897
306899
306903
306905
306919
306925
306931
306949
306953
306963
306967
306987
306989
307003
307009
307015
307033
307037
307045
307067
307077
307081
307087
307091
307103
307147
307155
307161
307163
307169
307187
307189
307191
307201
307205
307221
307223
307227
307245
307253
307261
307267
307277
307283
307293
307301
307309
307311
307313
307323
307353
307361
307373
307399
307405
307413
307437
307451
307459
307465
307477
307481
307483
307497
307507
307513
307523
307525
307527
307529
307535
307537
307539
307543
307553
307555
307569
307571
307583
307589
307591
307595
307599
307601
307609
307611
307635
307637
307647
307651
307659
307667
307669
307691
307693
307697
307711
307713
307715
307723
307733
307735
307741
307759
307779
307783
307799
307801
307805
307815
307821
307823
307833
307843
307859
307861
307871
307873
307891
307899
307903
307909
307915
307917
307937
307939
307967
307969
307979
308019
308023
308027
308031
308041
308045
308065
308075
308081
308093
308101
308103
308107
308117
308121
308135
308137
308147
308149
308159
308173
308183
308213
308225
308235
308245
308249
308253
308255
308261
308283
308289
308291
308297
308307
308309
308331
308341
308349
308351
308359
308371
308379
308383
308403
308405
308413
308419
308431
308453
308457
308487
308489
308491
308497
308501
308507
308519
308531
308533
308537
308569
308575
308585
308587
308597
308609
308613
308615
308623
308627
308633
308639
308641
308645
308659
308665
308673
308683
308713
308733
308755
308759
308777
308787
308789
308793
308799
308817
308849
308851
308857
308871
308873
308887
308901
308917
308927
308929
308933
308939
308943
308961
308977
308999
309011
309013
309019
309021
309033
309053
309065
309069
309077
309079
309089
309107
309109
309129
309131
309143
309157
309159
309165
309173
309183
309185
309187
309193
309199
309207
309221
309223
309227
309237
309243
309273
309289
309293
309297
309317
309321
309323
309343
309369
309371
309373
309391
309407
309413
309423
309425
309429
309433
309457
309469
309479
309481
309493
309513
309521
309523
309539
309541
309549
309571
309585
309599
309623
309627
309629
309635
309651
309667
309671
309677
309687
309689
309693
309711
309717
309719
309731
309737
309745
309751
309769
309775
309779
309781
309787
309789
309803
309805
309813
309823
309835
309841
309853
309861
309867
309883
309895
309931
309935
309939
309945
309951
309953
309957
309967
309991
309999
310013
310021
310027
310041
310049
310051
310081
310087
310113
310117
310129
310141
310187
310195
310197
310201
310211
310215
310225
310227
310231
310235
310237
310239
310243
310265
310267
310273
310285
310297
310301
310325
310347
310369
310395
310397
310439
310443
310449
310457
310477
310489
310491
310501
310511
310519
310553
310559
310571
310573
310577
310587
310591
310597
310605
310609
310619
310631
310647
310663
310667
310681
310683
310693
310697
310711
310721
310723
310727
310731
310733
310737
310741
310749
310755
310773
310785
310799
310801
310825
310829
310833
310839
310843
310855
310857
310859
310861
310879
310897
310901
310919
310925
310927
310929
310931
310953
310969
311005
311007
311009
311013
311027
311033
311041
311043
311047
311069
311073
311077
311099
311113
311117
311123
311169
311171
311173
311177
311197
311205
311219
311235
311237
311241
311287
311291
311293
311299
311301
311307
311319
311321
311323
311347
311351
311359
311361
311365
311367
311371
311377
311385
311399
311419
311433
311437
311463
311473
311507
311509
311511
311515
311523
311529
311549
311551
311567
311569
311593
311595
311609
311615
311623
311633
311635
311677
311679
311683
311687
311701
311709
311711
311713
311719
311731
311735
311737
311747
311749
311753
311757
311759
311797
311801
311807
311821
311825
311839
311859
311861
311867
311869
311871
311897
311937
311941
311957
311975
311979
311981
312005
312013
312027
312031
312047
312057
312071
312073
312083
312089
312099
312101
312105
312109
312121
312135
312161
312217
312229
312239
312241
312247
312249
312251
312253
312257
312269
312271
312275
312281
312289
312307
312313
312321
312327
312343
312347
312353
312365
312371
312377
312383
312413
312425
312427
312431
312433
312443
312459
312469
312483
312489
312509
312517
312537
312557
312563
312581
312583
312589
312599
312607
312617
312623
312643
312651
312665
312673
312677
312695
312699
312709
312711
312717
312727
312729
312737
312745
312757
312773
312809
312829
312831
312837
312839
312861
312887
312891
312893
312899
312907
312923
312927
312929
312969
312977
313001
313079
313081
313085
313087
313093
313095
313103
313109
313129
313133
313139
313151
313187
313195
313197
313211
313247
313251
313253
313263
313265
313271
313289
313297
313301
313305
313307
313331
313333
313343
313371
313373
313377
313381
313387
313391
313399
313415
313417
313419
313421
313435
313469
313477
313485
313489
313507
313509
313523
313531
313543
313549
313561
313569
313579
313581
313583
313587
313597
313603
313613
313619
313637
313639
313661
313667
313711
313721
313727
313729
313733
313739
313763
313765
313769
313777
313779
313783
313791
313829
313837
313839
313849
313853
313861
313865
313873
313879
313887
313893
313897
313907
313917
313921
313931
313935
313953
313961
313963
313969
313971
313979
313987
313991
313993
313997
314003
314017
314039
314043
314049
314051
314063
314073
314095
314097
314103
314135
314153
314169
314173
314177
314189
314205
314209
314213
314217
314229
314243
314251
314255
314271
314277
314281
314283
314305
314319
314327
314337
314339
314349
314359
314363
314367
314381
314393
314399
314401
314403
314419
314453
314467
314485
314491
314493
314497
314507
314541
314543
314551
314553
314561
314573
314581
314597
314605
314607
314633
314635
314645
314667
314671
314693
314695
314707
314711
314719
314723
314733
314745
314747
314751
314771
314773
314779
314807
314813
314851
314855
314877
314897
314899
314903
314905
314909
314913
314915
314917
314933
314935
314945
314953
314957
314983
315015
315037
315047
315083
315093
315103
315107
315109
315111
315127
315139
315155
315163
315179
315181
315195
315197
315213
315227
315247
315255
315257
315263
315269
315281
315285
315291
315295
315313
315345
315349
315365
315371
315373
315389
315409
315411
315421
315429
315457
315459
315461
315465
315481
315485
315501
315531
315565
315569
315593
315597
315613
315617
315621
315667
315687
315697
315701
315729
315733
315743
315745
315779
315801
315803
315821
315833
315847
315881
315883
315889
315907
315911
315915
315953
315957
315961
315963
315973
315989
315993
315995
315999
316003
316005
316023
316027
316037
316051
316055
316077
316081
316097
316101
316121
316137
316153
316161
316167
316177
316201
316205
316213
316219
316221
316223
316235
316243
316259
316291
316301
316311
316339
316349
316363
316369
316377
316379
316385
316403
316405
316431
316439
316453
316471
316481
316483
316493
316495
316497
316499
316501
316509
316515
316551
316555
316565
316581
316585
316599
316605
316621
316623
316631
316637
316649
316667
316681
316685
316697
316729
316735
316759
316777
316783
316793
316801
316813
316819
316821
316841
316853
316857
316859
316891
316937
316943
316945
316955
316961
316987
316991
317001
317019
317021
317043
317045
317049
317051
317063
317089
317105
317171
317179
317199
317207
317209
317227
317237
317253
317257
317259
317273
317279
317303
317313
317321
317323
317351
317353
317355
317359
317363
317369
317387
317399
317403
317407
317419
317435
317445
317453
317459
317473
317483
317487
317495
317527
317529
317535
317539
317543
317557
317587
317591
317599
317613
317617
317621
317649
317651
317665
317669
317671
317693
317697
317701
317705
317711
317717
317721
317723
317729
317739
317759
317773
317783
317789
317795
317799
317805
317827
317831
317839
317853
317857
317859
317865
317885
317887
317895
317903
317917
317943
317945
317949
317957
317963
317971
317983
317987
317989
317991
317995
317999
318001
318007
318023
318051
318057
318073
318085
318093
318097
318099
318103
318107
318149
318177
318191
318203
318209
318223
318245
318247
318253
318259
318261
318263
318267
318281
318287
318295
318299
318309
318319
318323
318327
318337
318349
318377
318405
318407
318419
318427
318431
318445
318457
318467
318479
318485
318503
318515
318521
318545
318559
318567
318571
318581
318589
318595
318601
318609
318641
318691
318705
318713
318721
318731
318737
318749
318783
318793
318805
318807
318811
318817
318823
318831
318833
318851
318883
318899
318907
318909
318911
318929
318933
318949
318963
318983
318993
318995
319023
319031
319035
319045
319047
319057
319061
319069
319071
319089
319093
319097
319109
319111
319115
319129
319133
319147
319149
319155
319163
319173
319183
319187
319205
319211
319223
319231
319233
319245
319251
319253
319265
319285
319289
319299
319315
319321
319323
319327
319343
319353
319357
319359
319363
319427
319433
319469
319499
319503
319505
319519
319535
319541
319547
319567
319577
319581
319593
319611
319629
319645
319679
319693
319695
319709
319729
319733
319743
319747
319755
319757
319763
319773
319779
319797
319819
319829
319831
319837
319845
319863
319879
319885
319887
319901
319927
319931
319971
319983
319985
319989
320041
320057
320065
320083
320095
320101
320107
320111
320113
320119
320121
320163
320179
320181
320205
320217
320219
320259
320267
320269
320277
320299
320303
320337
320339
320341
320343
320353
320377
320387
320389
320401
320417
320427
320449
320453
320455
320471
320483
320507
320513
320533
320553
320559
320561
320563
320567
320577
320583
320591
320601
320609
320611
320615
320631
320647
320657
320659
320669
320683
320693
320699
320741
320747
320767
320789
320791
320831
320833
320837
320843
320855
320861
320865
320867
320879
320883
320889
320899
320923
320937
320953
320955
320969
320979
321007
321037
321039
321041
321047
321061
321099
321101
321109
321115
321159
321169
321171
321187
321211
321217
321239
321251
321277
321297
321299
321301
321311
321319
321323
321357
321369
321371
321383
321395
321411
321413
321415
321427
321443
321469
321509
321515
321541
321547
321571
321577
321603
321635
321661
321713
321721
321729
321753
321823
321833
321837
321853
321889
321905
321923
321927
321939
321947
321949
321959
321961
322001
322013
322037
322039
322041
322053
322071
322073
322079
322093
322131
322139
322147
322157
322165
322195
322209
322213
322227
322229
322243
322249
322261
322265
322267
322271
322323
322327
322333
322347
322349
322351
322401
322409
322419
322421
322433
322445
322463
322479
322501
322517
322519
322527
322565
322573
322589
322591
322613
322627
322631
322649
322659
322669
322673
322689
322721
322727
322757
322781
322783
322797
322807
322809
322821
322835
322891
322919
322921
322923
322939
322951
322963
322997
322999
323005
323053
323061
323079
323087
323097
323101
323105
323123
323157
323199
323201
323207
323223
323249
323257
323279
323305
323307
323319
323331
323335
323341
323359
323371
323381
323397
323401
323419
323441
323481
323509
323517
323533
323537
323559
323571
323581
323585
323597
323599
323601
323603
323619
323643
323647
323653
323667
323711
323719
323793
323815
323819
323823
323827
323837
323853
323873
323879
323903
323911
323933
323947
323987
323991
323997
323999
324021
324031
324039
324055
324069
324085
324097
324117
324143
324149
324151
324161
324183
324199
324209
324239
324267
324289
324293
324299
324313
324319
324359
324361
324381
324385
324389
324391
324393
324395
324417
324427
324431
324449
324455
324457
324469
324483
324491
324497
324503
324529
324537
324557
324571
324573
324579
324587
324609
324617
324619
324623
324633
324637
324641
324669
324685
324689
324699
324707
324727
324741
324743
324747
324763
324773
324789
324791
324811
324845
324847
324861
324871
324877
324893
324907
324931
324949
324953
324985
324997
325009
325015
325029
325043
325063
325073
325077
325081
325087
325093
325129
325133
325135
325137
325163
325181
325189
325199
325231
325239
325263
325265
325271
325307
325309
325319
325333
325349
325383
325389
325391
325421
325423
325439
325445
325447
325453
325457
325477
325497
325505
325509
325513
325517
325541
325549
325587
325623
325627
325645
325659
325671
325683
325693
325697
325705
325721
325729
325753
325783
325855
325877
325881
325901
325913
325915
325919
325921
325939
325943
325947
325951
325953
325957
325963
325969
325999
326023
326063
326065
326083
326099
326101
326119
326121
326123
326137
326141
326143
326153
326171
326181
326189
326195
326203
326251
326253
326283
326285
326293
326307
326333
326353
326367
326369
326373
326379
326397
326409
326421
326431
326435
326449
326463
326465
326467
326473
326481
326493
326497
326501
326513
326537
326543
326545
326549
326563
326589
326607
326633
326635
326637
326649
326657
326659
326661
326679
326681
326687
326693
326707
326741
326751
326765
326767
326779
326785
326817
326831
326847
326855
326871
326883
326905
326913
326939
326947
326951
326965
326973
326983
326993
326999
327001
327007
327011
327039
327061
327065
327069
327079
327089
327111
327151
327177
327185
327209
327219
327263
327283
327289
327291
327299
327309
327311
327317
327347
327357
327371
327383
327399
327401
327421
327423
327441
327443
327469
327485
327499
327501
327507
327513
327557
327583
327603
327649
327661
327667
327707
327715
327739
327757
327785
327799
327801
327809
327823
327827
327829
327853
327869
327889
327895
327909
327935
327963
327967
327979
327993
327995
328027
328043
328059
328061
328085
328093
328103
328113
328121
328137
328163
328173
328191
328207
328223
328235
328255
328271
328277
328285
328291
328299
328323
328331
328357
328361
328373
328381
328411
328433
328437
328439
328495
328505
328513
328543
328557
328565
328579
328585
328589
328591
328595
328603
328611
328619
328621
328623
328641
328645
328651
328655
328667
328687
328701
328709
328721
328737
328743
328749
328753
328777
328781
328787
328813
328827
328847
328849
328869
328885
328891
328897
328917
328951
328979
328981
328983
328989
329019
329027
329031
329045
329053
329059
329081
329083
329087
329119
329131
329135
329139
329151
329163
329167
329191
329195
329215
329253
329257
329269
329347
329357
329387
329391
329405
329417
329419
329421
329457
329463
329471
329473
329503
329519
329523
329529
329549
329551
329557
329577
329591
329603
329605
329609
329617
329635
329649
329651
329657
329671
329673
329677
329683
329687
329717
329723
329729
329761
329773
329777
329785
329787
329811
329815
329829
329833
329861
329867
329873
329879
329883
329905
329915
329941
329951
329977
329993
330029
330061
330067
330069
330131
330139
330147
330149
330153
330177
330199
330203
330207
330233
330249
330273
330287
330289
330335
330347
330355
330383
330389
330409
330413
330415
330427
330469
330509
330545
330547
330611
330623
330641
330643
330651
330653
330659
330663
330683
330699
330719
330731
330749
330767
330793
330819
330823
330839
330849
330857
330859
330877
330883
330887
330895
330899
330907
330955
330963
330969
331013
331043
331051
331079
331081
331083
331099
331119
331141
331153
331159
331171
331207
331213
331219
331257
331259
331281
331293
331307
331311
331319
331323
331337
331355
331367
331377
331389
331391
331431
331437
331447
331465
331489
331505
331511
331519
331537
331543
331547
331549
331589
331623
331629
331663
331685
331693
331697
331701
331707
331709
331715
331735
331739
331743
331777
331801
331819
331827
331849
331869
331885
331887
331889
331897
331909
331919
331933
331937
331941
331957
331967
331973
331999
332017
332053
332091
332099
332113
332117
332147
332159
332161
332179
332183
332187
332201
332203
332207
332213
332217
332219
332221
332245
332259
332263
332271
332287
332307
332309
332313
332315
332317
332331
332335
332361
332379
332399
332417
332421
332437
332455
332457
332461
332463
332473
332477
332495
332513
332545
332547
332561
332569
332591
332611
332617
332623
332643
332645
332699
332705
332711
332749
332751
332757
332763
332767
332779
332791
332799
332801
332803
332811
332837
332851
332853
332855
332903
332921
332931
332933
332935
332941
332951
332965
332973
332987
332993
333005
333027
333067
333093
333103
333117
333131
333137
333147
333159
333187
333189
333209
333227
333263
333271
333287
333323
333327
333331
333337
333357
333361
333363
333397
333415
333419
333427
333429
333433
333441
333473
333479
333513
333517
333549
333571
333573
333589
333599
333605
333613
333633
333667
333673
333679
333691
333695
333713
333719
333737
333745
333755
333757
333759
333767
333769
333779
333789
333803
333815
333857
333911
333941
333959
333969
333977
333989
334019
334021
334043
334049
334053
334093
334099
334127
334133
334157
334159
334171
334177
334187
334201
334205
334247
334255
334261
334265
334281
334293
334315
334331
334349
334363
334387
334393
334401
334421
334423
334427
334429
334439
334445
334447
334473
334487
334493
334507
334511
334513
334541
334561
334563
334595
334599
334603
334617
334619
334643
334649
334651
334667
334701
334715
334717
334721
334731
334735
334753
334783
334791
334793
334795
334809
334859
334861
334869
334877
334891
334901
334923
334963
334977
334991
335001
335007
335009
335033
335051
335077
335083
335089
335113
335117
335123
335131
335149
335163
335173
335187
335193
335207
335253
335277
335281
335285
335305
335323
335343
335347
335365
335373
335381
335383
335395
335397
335417
335419
335429
335457
335459
335473
335487
335507
335527
335541
335557
335571
335573
335579
335591
335607
335609
335613
335629
335633
335645
335669
335679
335681
335693
335695
335705
335729
335765
335781
335807
335809
335813
335817
335821
335843
335847
335859
335893
335905
335917
335919
335953
335999
336033
336041
336055
336059
336065
336079
336085
336101
336103
336109
336121
336151
336161
336163
336183
336199
336201
336203
336207
336211
336221
336227
336249
336251
336253
336263
336321
336333
336353
336355
336361
336363
336373
336397
336403
336411
336437
336445
336459
336463
336499
336503
336511
336533
336543
336553
336571
336573
336577
336587
336597
336599
336621
336639
336643
336649
336667
336669
336671
336683
336711
336715
336741
336759
336763
336793
336803
336807
336823
336829
336837
336847
336857
336863
336867
336871
336873
336891
336909
336929
336955
336961
336981
336983
336997
337017
337023
337031
337047
337049
337081
337083
337091
337099
337121
337135
337141
337167
337191
337209
337235
337253
337261
337265
337277
337291
337301
337313
337327
337347
337351
337361
337377
337401
337405
337411
337437
337445
337495
337511
337521
337537
337547
337555
337607
337609
337651
337655
337673
337677
337685
337697
337721
337729
337731
337735
337741
337749
337759
337767
337793
337803
337809
337835
337837
337853
337859
337863
337873
337891
337895
337901
337903
337907
337919
337949
337971
337973
337999
338005
338017
338027
338035
338073
338119
338153
338155
338161
338171
338177
338183
338197
338203
338207
338213
338223
338231
338255
338263
338267
338271
338277
338339
338341
338347
338359
338369
338383
338387
338395
338421
338423
338471
338477
338493
338495
338497
338529
338531
338543
338545
338573
338577
338581
338597
338665
338681
338703
338705
338717
338739
338755
338757
338777
338781
338785
338803
338815
338853
338857
338885
338893
338901
338927
338937
338945
338991
338999
339033
339035
339069
339071
339091
339117
339127
339137
339139
339143
339151
339153
339173
339211
339239
339243
339247
339257
339263
339265
339267
339341
339353
339367
339373
339393
339415
339429
339441
339459
339491
339505
339513
339557
339567
339589
339613
339617
339627
339631
339635
339637
339653
339659
339665
339671
339673
339679
339689
339707
339731
339751
339769
339799
339805
339811
339827
339835
339837
339887
339895
339935
339943
340007
340027
340049
340057
340061
340071
340079
340089
340103
340113
340117
340121
340123
340127
340129
340143
340205
340211
340237
340261
340267
340311
340321
340333
340339
340361
340369
340393
340397
340401
340429
340453
340477
340503
340519
340529
340539
340543
340559
340573
340583
340601
340611
340617
340619
340657
340671
340709
340711
340735
340753
340777
340787
340789
340793
340805
340811
340819
340849
340889
340919
340931
340933
340941
340957
340971
340979
340999
341027
341041
341049
341057
341063
341065
341087
341095
341123
341141
341179
341191
341193
341195
341203
341219
341233
341277
341283
341303
341311
341321
341323
341327
341333
341339
341347
341349
341395
341443
341453
341457
341467
341477
341501
341521
341529
341555
341569
341593
341597
341603
341623
341641
341645
341647
341663
341709
341719
341727
341729
341747
341749
341755
341763
341777
341827
341851
341855
341879
341889
341929
341945
341947
341953
341963
341967
341993
341999
342013
342073
342097
342107
342123
342143
342179
342185
342187
342197
342201
342203
342219
342223
342231
342233
342245
342249
342257
342299
342319
342339
342341
342343
342359
342365
342385
342389
342415
342429
342445
342449
342455
342467
342469
342481
342483
342497
342501
342527
342535
342591
342597
342607
342653
342655
342659
342679
342687
342691
342695
342697
342715
342761
342791
342803
342807
342811
342821
342833
342841
342871
342889
342905
342929
342933
342937
342985
342987
342989
343021
343029
343037
343051
343055
343061
343073
343081
343113
343133
343141
343153
343163
343177
343193
343195
343199
343217
343219
343221
343237
343253
343257
343259
343261
343295
343307
343309
343353
343373
343381
343391
343411
343415
343419
343423
343433
343435
343479
343483
343517
343531
343547
343555
343561
343565
343567
343579
343583
343591
343601
343627
343631
343641
343649
343659
343667
343687
343709
343715
343731
343763
343769
343779
343787
343799
343801
343803
343817
343823
343829
343835
343847
343851
343891
343901
343913
343923
343943
343963
343973
343977
343983
343997
344013
344017
344037
344039
344065
344067
344083
344095
344099
344105
344111
344117
344139
344153
344161
344171
344183
344207
344213
344229
344237
344239
344243
344247
344251
344257
344263
344269
344271
344283
344291
344293
344315
344319
344321
344351
344353
344371
344391
344393
344395
344417
344427
344449
344453
344477
344479
344483
344485
344495
344515
344541
344545
344567
344585
344587
344621
344635
344649
344667
344683
344703
344739
344753
344797
344801
344815
344821
344827
344843
344857
344901
344919
344921
344939
344941
344953
344957
344959
344963
345001
345003
345005
345019
345063
345067
345139
345149
345155
345171
345201
345263
345311
345329
345335
345351
345369
345451
345453
345541
345545
345547
345549
345569
345571
345577
345583
345595
345599
345633
345635
345643
345659
345669
345689
345707
345711
345715
345727
345731
345733
345739
345745
345747
345749
345757
345769
345773
345777
345803
345811
345817
345837
345869
345881
345889
345937
345955
345985
345993
345997
346029
346039
346043
346079
346089
346091
346097
346141
346157
346169
346187
346195
346197
346201
346217
346223
346277
346285
346287
346295
346303
346309
346331
346337
346361
346367
346369
346373
346377
346393
346397
346413
346417
346421
346429
346433
346441
346447
346469
346493
346497
346543
346553
346559
346561
346565
346585
346601
346607
346649
346661
346667
346669
346683
346685
346703
346721
346739
346751
346809
346831
346839
346849
346855
346867
346873
346877
346891
346895
346911
346913
346915
346933
346939
346945
346961
346963
346971
346989
347005
347041
347063
347069
347071
347099
347135
347143
347173
347177
347179
347181
347183
347195
347197
347199
347201
347209
347227
347233
347271
347285
347287
347289
347297
347317
347329
347331
347341
347349
347359
347389
347421
347431
347443
347455
347469
347485
347493
347511
347513
347539
347547
347609
347621
347629
347637
347641
347649
347651
347673
347683
347695
347703
347707
347709
347717
347729
347747
347771
347801
347873
347887
347889
347899
347933
347937
347943
347959
347977
347987
347989
347993
348001
348011
348017
348027
348077
348081
348089
348097
348115
348123
348141
348149
348163
348181
348187
348191
348217
348241
348253
348267
348269
348287
348297
348323
348339
348367
348385
348389
348401
348421
348437
348455
348463
348481
348487
348509
348527
348531
348545
348553
348559
348567
348587
348603
348629
348637
348643
348677
348695
348717
348729
348731
348757
348779
348805
348807
348817
348833
348837
348839
348851
348889
348901
348949
348971
348989
349023
349039
349053
349079
349105
349135
349139
349145
349177
349183
349187
349211
349233
349235
349237
349241
349269
349285
349291
349295
349311
349329
349337
349341
349343
349357
349369
349381
349383
349385
349399
349411
349471
349477
349483
349489
349493
349495
349507
349519
349521
349559
349567
349573
349603
349611
349617
349645
349647
349663
349699
349709
349717
349729
349759
349801
349813
349819
349829
349831
349837
349841
349871
349907
349917
349919
349931
349939
349949
349951
349967
349981
349993
350003
350015
350029
350033
350039
350061
350067
350093
350107
350121
350137
350157
350159
350179
350191
350193
350195
350213
350219
350223
350237
350255
350281
350293
350335
350347
350351
350367
350373
350381
350411
350429
350437
350443
350447
350453
350459
350481
350495
350499
350547
350555
350561
350563
350593
350601
350605
350677
350709
350711
350719
350737
350741
350747
350769
350781
350783
350787
350809
350851
350859
350877
350885
350887
350891
350899
350905
350915
350941
350947
350963
350971
350983
350989
351005
351031
351035
351047
351051
351061
351079
351097
351111
351123
351133
351157
351185
351213
351229
351245
351259
351289
351301
351303
351311
351327
351343
351347
351361
351383
351391
351397
351399
351413
351427
351437
351457
351485
351497
351503
351545
351563
351565
351599
351605
351627
351635
351643
351669
351717
351723
351749
351751
351755
351763
351797
351811
351843
351851
351859
351919
351921
351929
351965
351987
351991
351993
352021
352049
352059
352069
352083
352109
352111
352113
352119
352123
352133
352145
352167
352217
352237
352249
352267
352295
352301
352311
352333
352349
352357
352369
352403
352409
352421
352423
352441
352445
352483
352493
352523
352579
352587
352589
352607
352617
352623
352645
352661
352691
352731
352739
352771
352813
352819
352837
352841
352851
352853
352855
352857
352865
352907
352929
352945
352951
352973
352991
353011
353019
353021
353037
353047
353057
353069
353095
353105
353127
353137
353147
353149
353193
353201
353263
353285
353317
353329
353361
353389
353401
353443
353459
353471
353499
353501
353517
353523
353531
353611
353621
353627
353629
353667
353677
353681
353687
353697
353747
353751
353765
353777
353819
353833
353845
353869
353879
353891
353897
353911
353919
353931
353939
353963
353965
353967
354001
354007
354017
354043
354091
354097
354099
354111
354115
354129
354143
354149
354163
354169
354171
354183
354205
354209
354245
354247
354251
354257
354259
354265
354279
354301
354307
354313
354337
354353
354377
354395
354441
354461
354463
354505
354507
354533
354539
354551
354567
354581
354587
354595
354605
354633
354639
354657
354661
354677
354685
354689
354701
354703
354743
354745
354747
354751
354759
354779
354791
354799
354829
354833
354845
354881
354891
354895
354911
354955
354961
354971
354973
354983
354995
355039
355055
355063
355073
355087
355115
355139
355171
355193
355195
355227
355233
355261
355269
355295
355297
355307
355331
355339
355345
355359
355361
355389
355417
355441
355445
355463
355499
355501
355507
355519
355559
355571
355573
355587
355609
355633
355651
355679
355697
355713
355715
355721
355723
355749
355765
355783
355799
355805
355841
355855
355891
355909
355933
355937
355939
355951
355983
356007
356019
356039
356045
356061
356093
356113
356137
356141
356143
356219
356243
356245
356263
356271
356285
356287
356299
356305
356311
356327
356351
356397
356449
356457
356501
356529
356549
356561
356563
356567
356579
356585
356591
356663
356665
356673
356701
356703
356737
356749
356761
356765
356793
356815
356819
356919
356945
356959
356981
356989
356995
357047
357065
357079
357095
357099
357103
357117
357139
357169
357171
357179
357197
357211
357215
357229
357239
357241
357293
357297
357303
357319
357347
357349
357359
357365
357377
357395
357415
357473
357509
357515
357517
357519
357537
357549
357563
357583
357587
357593
357613
357619
357635
357653
357659
357667
357671
357677
357699
357727
357755
357767
357781
357787
357793
357809
357815
357823
357839
357859
357883
357891
357897
357933
357967
357977
357997
358031
358051
358073
358077
358079
358089
358103
358109
358165
358167
358201
358213
358223
358243
358251
358289
358297
358301
358331
358355
358373
358417
358459
358483
358487
358495
358499
358509
358535
358555
358571
358573
358599
358601
358613
358637
358681
358697
358705
358711
358723
358727
358753
358769
358847
358851
358859
358879
358881
358885
358899
358903
358909
358931
358945
358959
358973
358977
358979
358987
358993
358999
359013
359017
359027
359031
359035
359041
359045
359061
359063
359067
359101
359103
359111
359129
359137
359143
359153
359167
359207
359215
359241
359243
359263
359267
359277
359279
359297
359305
359313
359319
359323
359335
359357
359377
359389
359405
359407
359435
359441
359449
359477
359481
359483
359493
359495
359501
359509
359545
359549
359553
359561
359563
359581
359587
359607
359633
359641
359643
359657
359673
359705
359731
359747
359753
359761
359769
359815
359837
359851
359855
359869
359889
359897
359911
359949
359979
359981
359987
360033
360037
360049
360051
360089
360123
360147
360155
360163
360167
360187
360201
360223
360231
360233
360235
360257
360271
360277
360287
360289
360307
360309
360323
360337
360363
360365
360407
360421
360439
360445
360455
360457
360461
360471
360489
360509
360541
360543
360545
360551
360579
360627
360653
360695
360699
360779
360781
360803
360835
360849
360851
360853
360863
360865
360869
360879
360901
360947
360949
360953
360957
360959
360973
360977
360979
360993
361003
361013
361033
361047
361055
361069
361091
361093
361105
361115
361145
361173
361183
361191
361213
361217
361237
361239
361241
361255
361265
361271
361281
361313
361321
361363
361373
361385
361409
361411
361433
361441
361463
361481
361499
361507
361509
361511
361523
361533
361561
361565
361617
361649
361651
361653
361663
361689
361705
361707
361723
361727
361761
361787
361789
361793
361799
361835
361869
361873
361877
361903
361915
361943
361961
361967
361973
361979
361993
362003
362013
362027
362053
362059
362067
362081
362137
362143
362161
362177
362191
362203
362211
362213
362221
362233
362247
362289
362291
362293
362305
362309
362335
362337
362345
362347
362353
362357
362363
362381
362405
362429
362431
362433
362449
362459
362465
362541
362561
362569
362581
362589
362629
362665
362693
362721
362741
362743
362755
362757
362787
362795
362811
362829
362841
362851
362863
362867
362897
362931
362941
362951
362953
362969
362983
362987
363019
363021
363047
363057
363065
363067
363085
363115
363117
363119
363151
363157
363161
363173
363179
363199
363211
363215
363217
363235
363245
363317
363367
363369
363371
363395
363397
363403
363417
363431
363463
363491
363505
363507
363513
363529
363543
363551
363557
363563
363569
363577
363581
363589
363611
363635
363659
363665
363677
363683
363687
363719
363751
363767
363799
363801
363809
363815
363833
363873
363917
363927
363941
363959
363963
363985
364027
364073
364107
364127
364129
364171
364183
364187
364209
364223
364271
364323
364337
364349
364373
364379
364393
364407
364415
364417
364447
364459
364461
364479
364505
364513
364523
364555
364569
364615
364621
364627
364641
364643
364657
364669
364677
364685
364687
364713
364717
364739
364747
364773
364795
364853
364883
364885
364891
364909
364911
364921
364943
364979
364983
364985
364993
365017
365039
365061
365063
365065
365069
365095
365107
365119
365129
365137
365173
365179
365185
365201
365213
365231
365249
365251
365257
365289
365297
365305
365315
365327
365357
365361
365369
365395
365411
365423
365441
365461
365489
365509
365513
365529
365531
365557
365559
365569
365627
365635
365641
365683
365699
365705
365727
365747
365759
365797
365811
365837
365839
365847
365853
365889
365903
365979
365983
365991
366001
366013
366019
366029
366031
366033
366053
366063
366077
366087
366097
366103
366123
366133
366167
366169
366181
366185
366211
366217
366221
366239
366243
366293
366295
366313
366341
366343
366347
366385
366397
366409
366419
366437
366439
366441
366447
366461
366497
366501
366511
366515
366545
366547
366593
366609
366621
366657
366683
366697
366701
366703
366733
366755
366801
366805
366811
366841
366845
366851
366853
366859
366881
366889
366895
366901
366941
366963
366973
366981
366983
366997
367021
367027
367105
367139
367161
367163
367165
367179
367189
367203
367265
367273
367307
367309
367313
367321
367329
367347
367357
367385
367427
367431
367453
367457
367469
367501
367509
367519
367527
367541
367547
367585
367597
367615
367637
367673
367687
367699
367721
367739
367765
367777
367791
367797
367805
367819
367827
367831
367833
367841
367855
367867
367883
367915
367945
367949
367957
367959
367985
367989
368029
368047
368077
368079
368083
368099
368103
368107
368111
368141
368149
368171
368197
368227
368233
368243
368255
368259
368283
368287
368293
368323
368359
368363
368367
368369
368395
368411
368447
368471
368481
368495
368521
368539
368547
368551
368579
368583
368605
368607
368633
368635
368651
368661
368673
368717
368737
368755
368783
368817
368857
368873
368881
368911
369023
369051
369071
369077
369093
369115
369133
369137
369147
369169
369181
369197
369211
369249
369263
369269
369293
369295
369331
369339
369353
369385
369407
369409
369419
369487
369539
369557
369573
369609
369651
369659
369673
369695
369703
369715
369731
369739
369751
369791
369807
369821
369841
369865
369913
369917
369921
369947
369969
369979
369983
369991
369997
370009
370057
370061
370067
370081
370085
370103
370105
370133
370135
370147
370159
370199
370203
370207
370213
370221
370235
370241
370257
370261
370281
370299
370387
370399
370421
370423
370427
370451
370463
370471
370473
370477
370483
370495
370497
370509
370537
370571
370581
370603
370609
370613
370619
370631
370641
370653
370659
370661
370673
370679
370687
370693
370745
370749
370759
370793
370803
370835
370857
370873
370883
370885
370897
370919
370949
370985
371001
371045
371087
371099
371121
371155
371157
371177
371179
371191
371193
371237
371251
371281
371303
371311
371321
371333
371353
371361
371373
371383
371389
371395
371435
371453
371465
371471
371479
371485
371491
371499
371509
371513
371555
371559
371585
371587
371589
371615
371617
371633
371669
371699
371719
371733
371765
371769
371797
371815
371851
371873
371905
371929
371937
371939
371941
371951
371971
371981
371999
372013
372049
372059
372063
372065
372067
372107
372121
372131
372137
372149
372173
372179
372201
372205
372223
372241
372245
372261
372277
372289
372299
372353
372363
372367
372399
372401
372409
372413
372443
372445
372451
372461
372473
372497
372513
372523
372579
372605
372607
372611
372629
372637
372639
372661
372667
372677
372689
372693
372707
372733
372739
372741
372747
372751
372773
372805
372809
372817
372831
372833
372835
372847
372859
372873
372881
372891
372901
372903
372973
373011
373017
373029
373049
373055
373073
373091
373101
373115
373127
373157
373181
373183
373187
373199
373207
373265
373273
373281
373287
373291
373297
373327
373339
373343
373377
373413
373453
373459
373479
373489
373501
373535
373539
373561
373567
373585
373595
373645
373649
373669
373683
373693
373731
373757
373777
373783
373795
373803
373823
373859
373861
373899
373903
373937
373963
373969
374007
374009
374019
374029
374039
374079
374083
374089
374117
374149
374159
374163
374219
374239
374259
374285
374291
374299
374305
374307
374321
374331
374345
374351
374379
374389
374399
374443
374447
374457
374483
374501
374541
374587
374639
374653
374665
374669
374677
374681
374687
374727
374753
374771
374789
374893
374937
374943
374961
374973
374977
374981
374993
375017
375019
375029
375051
375083
375091
375097
375101
375103
375121
375189
375203
375247
375251
375281
375283
375303
375321
375351
375359
375367
375391
375393
375413
375423
375447
375451
375457
375467
375509
375511
375523
375533
375553
375569
375593
375657
375663
375667
375693
375707
375743
375757
375783
375807
375833
375857
375897
375901
375909
375923
375931
375987
375997
376001
376003
376063
376097
376113
376149
376161
376183
376197
376221
376231
376237
376241
376269
376283
376287
376291
376297
376307
376323
376351
376359
376393
376399
376413
376417
376477
376483
376511
376529
376531
376581
376609
376617
376627
376631
376653
376699
376709
376721
376729
376769
376773
376791
376801
376823
376837
376841
376851
376921
376923
376949
376953
376977
377011
377049
377051
377061
377071
377079
377123
377129
377147
377173
377183
377193
377197
377229
377297
377327
377347
377369
377371
377373
377387
377393
377409
377463
377513
377527
377537
377543
377561
377589
377599
377623
377661
377687
377691
377697
377717
377749
377761
377763
377781
377799
377809
377823
377827
377831
377851
377873
377877
377887
377889
377963
377981
377999
378023
378039
378041
378057
378071
378089
378111
378127
378137
378141
378151
378167
378201
378239
378253
378291
378317
378321
378361
378381
378407
378429
378449
378463
378467
378493
378503
378519
378523
378559
378583
378661
378699
378733
378757
378771
378779
378793
378817
378821
378823
378869
378933
378941
378949
378951
378967
378977
379009
379033
379039
379047
379081
379087
379097
379103
379147
379177
379191
379199
379343
379371
379387
379399
379417
379419
379433
379439
379461
379479
379497
379499
379531
379541
379551
379571
379573
379579
379597
379607
379623
379633
379641
379649
379663
379679
379681
379699
379723
379749
379751
379803
379811
379849
379889
379903
379909
379959
379979
379993
380041
380047
380049
380109
380131
380147
380157
380179
380189
380197
380199
380201
380207
380217
380229
380251
380269
380299
380311
380329
380333
380343
380377
380383
380441
380447
380459
380557
380571
380577
380623
380629
380641
380651
380707
380729
380739
380777
380797
380803
380829
380839
380843
380847
380867
380869
380883
380909
380917
380951
380967
381001
381019
381047
381071
381077
381097
381111
381169
381181
381223
381233
381239
381287
381289
381301
381323
381347
381369
381371
381377
381383
381401
381417
381461
381471
381489
381509
381527
381529
381541
381559
381607
381629
381673
381697
381707
381713
381739
381741
381761
381783
381791
381841
381937
381943
381949
381977
381989
381993
382003
382021
382037
382073
382087
382117
382119
382163
382171
382189
382197
382229
382241
382253
382267
382269
382303
382331
382341
382351
382359
382373
382427
382461
382479
382493
382511
382541
382567
382583
382587
382589
382623
382631
382643
382649
382693
382703
382709
382729
382737
382763
382777
382813
382843
382847
382867
382871
382873
382883
382911
382929
382971
382989
383007
383011
383037
383041
383069
383073
383077
383081
383099
383101
383107
383109
383127
383133
383147
383151
383171
383179
383181
383199
383289
383291
383347
383393
383419
383429
383457
383459
383483
383511
383519
383527
383557
383573
383577
383587
383601
383619
383623
383627
383631
383633
383651
383657
383681
383693
383723
383763
383777
383813
383821
383833
383837
383853
383917
383983
383991
384089
384099
384107
384113
384133
384151
384173
384203
384227
384247
384253
384257
384317
384331
384333
384339
384357
384359
384367
384383
384441
384469
384477
384487
384509
384547
384567
384577
384609
384623
384701
384711
384717
384719
384737
384751
384757
384771
384773
384817
384827
384851
384907
384933
384941
384961
384963
385013
385023
385039
385057
385069
385079
385109
385127
385153
385167
385179
385199
385223
385233
385239
385291
385321
385391
385393
385397
385401
385419
385433
385471
385481
385493
385519
385531
385557
385559
385563
385579
385589
385607
385639
385657
385661
385689
385739
385741
385773
385783
385793
385809
385811
385817
385843
385859
385887
385907
385939
385967
385971
385977
385989
385991
386007
386039
386041
386047
386049
386051
386079
386093
386119
386129
386131
386153
386173
386219
386237
386263
386297
386301
386303
386333
386371
386383
386411
386413
386429
386437
386457
386471
386493
386501
386521
386537
386587
386611
386619
386621
386629
386637
386641
386647
386651
386689
386713
386719
386723
386769
386823
386839
386887
386907
386921
386927
387003
387017
387033
387047
387077
387137
387147
387151
387161
387169
387173
387183
387187
387227
387249
387263
387269
387291
387313
387339
387341
387397
387403
387433
387463
387493
387503
387529
387551
387577
387579
387587
387627
387631
387659
387663
387679
387683
387721
387749
387789
387791
387831
387839
387843
387853
387867
387913
387917
387939
387967
387977
388009
388041
388081
388083
388099
388117
388133
388137
388169
388177
388181
388183
388187
388209
388231
388253
388257
388259
388273
388319
388329
388347
388371
388373
388383
388391
388403
388459
388471
388473
388483
388489
388527
388551
388567
388581
388587
388599
388617
388651
388657
388659
388673
388691
388693
388699
388757
388761
388777
388813
388823
388887
388901
388903
388929
388961
388991
389013
389083
389117
389167
389173
389189
389211
389219
389227
389231
389269
389273
389287
389297
389357
389399
389461
389483
389513
389527
389559
389561
389563
389567
389569
389579
389591
389621
389629
389651
389659
389661
389679
389703
389713
389723
389743
389761
389791
389797
389839
389859
389891
389897
389903
389911
389913
389947
389971
389999
390043
390067
390077
390113
390129
390171
390193
390211
390219
390237
390261
390307
390347
390359
390363
390367
390389
390391
390413
390419
390421
390433
390441
390491
390493
390513
390553
390647
390653
390669
390673
390721
390723
390727
390737
390739
390751
390759
390777
390781
390783
390809
390829
390837
390869
390877
390883
390889
390893
390909
390967
390989
390991
391011
391019
391031
391057
391067
391073
391107
391159
391163
391177
391231
391233
391247
391249
391283
391291
391341
391371
391379
391393
391397
391403
391407
391453
391467
391487
391519
391537
391539
391551
391553
391569
391579
391627
391631
391639
391641
391659
391661
391691
391693
391737
391751
391753
391757
391767
391789
391801
391817
391857
391863
391893
391917
391921
391929
391939
391967
391971
392033
392043
392059
392061
392079
392087
392099
392101
392111
392113
392143
392153
392159
392177
392221
392233
392239
392267
392281
392297
392299
392307
392339
392347
392361
392421
392437
392451
392467
392473
392477
392487
392503
392519
392523
392569
392593
392599
392611
392619
392629
392647
392737
392759
392803
392827
392831
392837
392849
392851
392871
392907
392927
392929
392961
392969
392983
393013
393017
393027
393033
393059
393073
393077
393079
393083
393103
393123
393137
393143
393157
393161
393177
393181
393187
393191
393209
393287
393299
393301
393303
393331
393333
393339
393361
393377
393387
393403
393429
393451
393479
393517
393521
393541
393551
393581
393583
393587
393593
393637
393639
393667
393671
393677
393709
393713
393721
393727
393739
393747
393753
393801
393853
393857
393859
393863
393891
393919
393963
393977
393989
393997
394019
394063
394071
394073
394123
394169
394201
394211
394239
394241
394259
394319
394323
394327
394369
394409
394453
394467
394481
394489
394523
394529
394549
394577
394579
394619
394637
394643
394727
394729
394733
394743
394747
394759
394817
394833
394837
394861
394881
394897
394931
394943
394963
394993
395013
395027
395039
395047
395069
395089
395093
395107
395111
395113
395119
395121
395133
395137
395141
395147
395191
395201
395229
395231
395243
395247
395261
395287
395293
395331
395337
395349
395377
395383
395391
395429
395449
395459
395509
395513
395517
395533
395537
395547
395581
395677
395679
395727
395737
395741
395767
395799
395841
395849
395851
395909
395921
396003
396029
396031
396041
396043
396057
396091
396103
396141
396173
396177
396181
396197
396199
396213
396239
396247
396259
396301
396311
396323
396339
396353
396377
396379
396411
396413
396437
396453
396507
396523
396533
396547
396563
396581
396623
396629
396631
396637
396687
396703
396713
396719
396733
396741
396771
396833
396881
396897
396919
396931
396943
396947
396953
396971
396983
396987
396993
397013
397063
397073
397093
397099
397101
397113
397127
397149
397151
397181
397183
397209
397211
397227
397253
397259
397289
397337
397351
397357
397373
397379
397427
397429
397433
397473
397493
397497
397519
397543
397547
397549
397567
397569
397581
397589
397591
397597
397633
397687
397697
397721
397723
397729
397751
397753
397811
397821
397829
397833
397849
397857
397867
397893
397897
397907
397963
397973
397983
398039
398067
398103
398113
398129
398143
398171
398207
398213
398219
398247
398249
398253
398261
398271
398273
398283
398303
398311
398323
398339
398347
398353
398393
398407
398423
398451
398467
398471
398491
398499
398553
398569
398577
398609
398611
398621
398661
398669
398681
398683
398693
398729
398731
398771
398819
398841
398857
398859
398863
398887
398901
398903
398913
398921
398941
398989
399039
399043
399059
399067
399071
399079
399097
399101
399149
399197
399219
399227
399241
399263
399277
399327
399363
399379
399389
399391
399401
399403
399439
399459
399471
399473
399481
399493
399499
399507
399523
399527
399549
399571
399583
399647
399677
399719
399723
399739
399757
399759
399781
399783
399787
399793
399813
399831
399837
399853
399909
399911
399937
399941
399953
399957
399979
399981
399983
399989
400033
400051
400053
400069
400087
400093
400151
400157
400187
400207
400209
400217
400247
400249
400251
400261
400277
400291
400331
400339
400381
400391
400409
400457
400471
400479
400481
400557
400579
400597
400643
400651
400657
400703
400711
400713
400723
400753
400759
400823
400849
400893
400903
400927
400997
401017
401019
401039
401069
401077
401087
401101
401119
401127
401133
401151
401169
401179
401199
401201
401237
401243
401279
401307
401309
401321
401329
401381
401403
401407
401411
401439
401477
401507
401529
401539
401587
401593
401619
401627
401671
401707
401757
401771
401773
401809
401827
401847
401887
401889
401901
401917
401937
401939
401943
401953
401993
401997
402023
402029
402053
402091
402117
402133
402137
402141
402159
402177
402197
402221
402253
402261
402267
402279
402313
402361
402383
402443
402483
402487
402503
402511
402513
402527
402529
402531
402559
402573
402581
402583
402587
402601
402613
402631
402639
402681
402697
402729
402751
402757
402761
402763
402767
402769
402771
402797
402817
402823
402847
402859
402861
402879
402881
402943
402949
402999
403003
403023
403057
403061
403097
403103
403107
403141
403181
403197
403203
403241
403253
403267
403289
403301
403327
403331
403387
403391
403433
403439
403483
403509
403511
403521
403537
403547
403549
403553
403603
403621
403649
403661
403687
403717
403721
403757
403761
403773
403783
403791
403831
403861
403889
403901
403917
403933
403951
403979
404007
404009
404011
404017
404043
404049
404051
404099
404119
404121
404123
404177
404189
404191
404197
404213
404223
404249
404251
404259
404273
404309
404323
404331
404387
404389
404429
404431
404483
404497
404507
404511
404513
404517
404527
404531
404533
404539
404597
404671
404713
404763
404827
404837
404843
404849
404853
404959
404967
404977
404981
405029
405037
405049
405057
405071
405073
405129
405143
405147
405221
405227
405247
405269
405287
405303
405323
405347
405357
405373
405393
405407
405413
405437
405439
405499
405519
405521
405529
405543
405553
405577
405579
405591
405641
405659
405663
405679
405683
405689
405701
405709
405731
405799
405813
405817
405831
405843
405857
405863
405871
405903
405917
405949
405987
405989
405991
406027
406041
406067
406101
406123
406173
406207
406293
406309
406313
406381
406383
406407
406437
406491
406499
406531
406533
406559
406561
406577
406579
406599
406649
406661
406677
406697
406713
406739
406743
406767
406779
406789
406797
406803
406821
406837
406851
406859
406869
406873
406883
406907
406911
406947
406969
406993
407013
407103
407153
407163
407179
407181
407203
407219
407229
407233
407249
407291
407311
407317
407359
407369
407377
407397
407471
407483
407501
407503
407527
407579
407587
407599
407657
407669
407679
407699
407707
407747
407783
407791
407801
407807
407811
407843
407857
407861
407931
407937
407947
407959
407993
408011
408039
408049
408077
408081
408129
408131
408137
408171
408173
408201
408207
408217
408229
408241
408263
408279
408283
408297
408311
408333
408361
408399
408403
408413
408427
408431
408437
408461
408469
408479
408489
408491
408533
408553
408567
408579
408623
408631
408637
408651
408677
408689
408691
408701
408713
408741
408763
408769
408773
408787
408831
408909
408913
408923
408953
408979
408999
409011
409021
409043
409063
409081
409099
409119
409137
409179
409197
409209
409263
409267
409271
409287
409291
409341
409351
409389
409391
409413
409433
409441
409443
409449
409471
409483
409499
409503
409517
409523
409529
409533
409543
409569
409573
409579
409589
409597
409609
409639
409641
409693
409709
409711
409719
409723
409729
409733
409769
409803
409809
409813
409821
409831
409841
409861
409889
409891
409901
409909
409933
409951
409953
409993
410009
410073
410079
410093
410117
410119
410127
410141
410149
410181
410199
410203
410233
410239
410253
410257
410259
410299
410317
410331
410339
410341
410359
410383
410393
410453
410461
410489
410513
410523
410547
410551
410583
410617
410621
410623
410659
410687
410691
410731
410741
410747
410749
410759
410789
410801
410807
410819
410829
410853
410857
410889
410953
410979
410999
411007
411041
411049
411067
411083
411127
411143
411157
411167
411193
411211
411231
411241
411251
411253
411259
411311
411357
411371
411379
411393
411441
411459
411469
411479
411557
411569
411577
411583
411627
411679
411683
411709
411717
411721
411739
411753
411799
411821
411823
411833
411841
411883
411909
411923
411937
411941
411947
412007
412019
412023
412031
412033
412039
412059
412077
412081
412089
412123
412127
412149
412157
412161
412179
412187
412193
412201
412219
412239
412249
412253
412273
412303
412333
412341
412359
412387
412431
412457
412473
412493
412537
412571
412589
412591
412603
412619
412627
412637
412663
412667
412717
412739
412761
412771
412779
412793
412807
412831
412849
412869
412899
412901
412903
412917
412943
412977
412987
413027
413033
413053
413069
413071
413081
413087
413089
413093
413121
413139
413141
413183
413201
413207
413229
413263
413267
413409
413411
413443
413461
413477
413537
413547
413607
413629
413683
413689
413713
413727
413733
413753
413779
413781
413807
413827
413849
413867
413871
413879
413951
413981
413997
414013
414053
414061
414077
414107
414109
414123
